ID	NumVertices	NumEdges	Vertices	Edges
0	3		3		0 3 1 		1 7 0 	
1	3		3		1 3 4 		7 16 8 	
2	3		3		1 4 2 		8 11 6 	
3	3		3		3 5 4 		17 20 16 	
4	3		3		6 8 7 		25 30 24 	
5	3		3		7 8 1 		30 10 9 	
6	3		3		7 1 2 		9 6 12 	
7	3		3		8 0 1 		2 0 10 	
8	3		3		9 11 10 		36 38 35 	
9	3		3		10 11 8 		38 34 33 	
10	3		3		10 8 6 		33 25 26 	
11	3		3		11 0 8 		3 2 34 	
12	3		3		6 7 12 		24 31 27 	
13	3		3		12 7 14 		31 32 44 	
14	3		3		12 14 13 		44 47 43 	
15	3		3		7 2 14 		12 13 32 	
16	3		3		15 18 16 		52 58 51 	
17	3		3		16 18 19 		58 67 59 	
18	3		3		16 19 17 		59 62 57 	
19	3		3		18 20 19 		68 71 67 	
20	3		3		2 22 21 		15 75 14 	
21	3		3		21 22 16 		75 61 60 	
22	3		3		21 16 17 		60 57 63 	
23	3		3		22 15 16 		53 51 61 	
24	3		3		13 23 14 		48 50 47 	
25	3		3		14 23 22 		50 77 49 	
26	3		3		14 22 2 		49 15 13 	
27	3		3		23 15 22 		54 53 77 	
28	3		3		2 21 4 		14 21 11 	
29	3		3		4 21 24 		21 76 22 	
30	3		3		4 24 5 		22 23 20 	
31	3		3		21 17 24 		63 64 76 	
32	3		3		0 11 25 		3 41 4 	
33	3		3		25 11 27 		41 42 81 	
34	3		3		25 27 26 		81 84 80 	
35	3		3		11 9 27 		36 37 42 	
36	3		3		17 29 28 		66 90 65 	
37	3		3		28 29 25 		90 83 82 	
38	3		3		28 25 26 		82 80 85 	
39	3		3		29 0 25 		5 4 83 	
40	3		3		5 3 24 		17 18 23 	
41	3		3		24 3 29 		18 19 79 	
42	3		3		24 29 17 		79 66 64 	
43	3		3		3 0 29 		1 5 19 	
44	3		3		17 28 19 		65 72 62 	
45	3		3		19 28 30 		72 91 73 	
46	3		3		19 30 20 		73 74 71 	
47	3		3		28 26 30 		85 86 91 	
48	3		3		15 23 31 		54 78 55 	
49	3		3		31 23 12 		78 45 46 	
50	3		3		31 12 6 		46 27 28 	
51	3		3		23 13 12 		48 43 45 	
52	3		3		26 33 32 		88 95 87 	
53	3		3		32 33 31 		95 94 93 	
54	3		3		32 31 6 		93 28 29 	
55	3		3		33 15 31 		56 55 94 	
56	3		3		20 18 30 		68 69 74 	
57	3		3		30 18 33 		69 70 92 	
58	3		3		30 33 26 		92 88 86 	
59	3		3		18 15 33 		52 56 70 	
60	3		3		26 32 27 		87 89 84 	
61	3		3		27 32 10 		89 40 39 	
62	3		3		27 10 9 		39 35 37 	
63	3		3		32 6 10 		29 26 40 	
