ID	NumVertices	NumEdges	Vertices	Edges
0	3		3		0 11 1 		1 8 0 	
1	3		3		1 11 12 		8 65 9 	
2	3		3		1 12 2 		9 14 7 	
3	3		3		2 12 13 		14 70 15 	
4	3		3		2 13 3 		15 20 13 	
5	3		3		3 13 14 		20 74 21 	
6	3		3		3 14 4 		21 26 19 	
7	3		3		4 14 15 		26 78 27 	
8	3		3		4 15 5 		27 32 25 	
9	3		3		5 15 16 		32 82 33 	
10	3		3		5 16 6 		33 38 31 	
11	3		3		6 16 17 		38 86 39 	
12	3		3		6 17 7 		39 44 37 	
13	3		3		7 17 18 		44 90 45 	
14	3		3		7 18 8 		45 50 43 	
15	3		3		8 18 19 		50 94 51 	
16	3		3		8 19 9 		51 55 49 	
17	3		3		9 19 20 		55 97 56 	
18	3		3		9 20 10 		56 59 54 	
19	3		3		11 21 12 		66 71 65 	
20	3		3		12 21 22 		71 104 72 	
21	3		3		12 22 13 		72 75 70 	
22	3		3		13 22 23 		75 109 76 	
23	3		3		13 23 14 		76 79 74 	
24	3		3		14 23 24 		79 113 80 	
25	3		3		14 24 15 		80 83 78 	
26	3		3		15 24 25 		83 117 84 	
27	3		3		15 25 16 		84 87 82 	
28	3		3		16 25 26 		87 121 88 	
29	3		3		16 26 17 		88 91 86 	
30	3		3		17 26 27 		91 125 92 	
31	3		3		17 27 18 		92 95 90 	
32	3		3		18 27 28 		95 129 96 	
33	3		3		18 28 19 		96 98 94 	
34	3		3		19 28 29 		98 132 99 	
35	3		3		19 29 20 		99 100 97 	
36	3		3		21 30 22 		105 110 104 	
37	3		3		22 30 31 		110 139 111 	
38	3		3		22 31 23 		111 114 109 	
39	3		3		23 31 32 		114 144 115 	
40	3		3		23 32 24 		115 118 113 	
41	3		3		24 32 33 		118 148 119 	
42	3		3		24 33 25 		119 122 117 	
43	3		3		25 33 34 		122 152 123 	
44	3		3		25 34 26 		123 126 121 	
45	3		3		26 34 35 		126 156 127 	
46	3		3		26 35 27 		127 130 125 	
47	3		3		27 35 36 		130 160 131 	
48	3		3		27 36 28 		131 133 129 	
49	3		3		28 36 37 		133 163 134 	
50	3		3		28 37 29 		134 135 132 	
51	3		3		30 38 31 		140 145 139 	
52	3		3		31 38 39 		145 170 146 	
53	3		3		31 39 32 		146 149 144 	
54	3		3		32 39 40 		149 175 150 	
55	3		3		32 40 33 		150 153 148 	
56	3		3		33 40 41 		153 179 154 	
57	3		3		33 41 34 		154 157 152 	
58	3		3		34 41 42 		157 183 158 	
59	3		3		34 42 35 		158 161 156 	
60	3		3		35 42 43 		161 187 162 	
61	3		3		35 43 36 		162 164 160 	
62	3		3		36 43 44 		164 190 165 	
63	3		3		36 44 37 		165 166 163 	
64	3		3		38 45 39 		171 176 170 	
65	3		3		39 45 46 		176 197 177 	
66	3		3		39 46 40 		177 180 175 	
67	3		3		40 46 47 		180 202 181 	
68	3		3		40 47 41 		181 184 179 	
69	3		3		41 47 48 		184 206 185 	
70	3		3		41 48 42 		185 188 183 	
71	3		3		42 48 49 		188 210 189 	
72	3		3		42 49 43 		189 191 187 	
73	3		3		43 49 50 		191 213 192 	
74	3		3		43 50 44 		192 193 190 	
75	3		3		45 51 46 		198 203 197 	
76	3		3		46 51 52 		203 220 204 	
77	3		3		46 52 47 		204 207 202 	
78	3		3		47 52 53 		207 225 208 	
79	3		3		47 53 48 		208 211 206 	
80	3		3		48 53 54 		211 229 212 	
81	3		3		48 54 49 		212 214 210 	
82	3		3		49 54 55 		214 232 215 	
83	3		3		49 55 50 		215 216 213 	
84	3		3		51 56 52 		221 226 220 	
85	3		3		52 56 57 		226 239 227 	
86	3		3		52 57 53 		227 230 225 	
87	3		3		53 57 58 		230 244 231 	
88	3		3		53 58 54 		231 233 229 	
89	3		3		54 58 59 		233 247 234 	
90	3		3		54 59 55 		234 235 232 	
91	3		3		56 60 57 		240 245 239 	
92	3		3		57 60 61 		245 254 246 	
93	3		3		57 61 58 		246 248 244 	
94	3		3		58 61 62 		248 258 249 	
95	3		3		58 62 59 		249 250 247 	
96	3		3		60 63 61 		255 259 254 	
97	3		3		61 63 64 		259 264 260 	
98	3		3		61 64 62 		260 261 258 	
99	3		3		63 65 64 		265 268 264 	
100	3		3		66 76 67 		275 282 274 	
101	3		3		67 76 77 		282 331 283 	
102	3		3		67 77 68 		283 288 281 	
103	3		3		68 77 78 		288 336 289 	
104	3		3		68 78 69 		289 294 287 	
105	3		3		69 78 79 		294 340 295 	
106	3		3		69 79 70 		295 300 293 	
107	3		3		70 79 80 		300 344 301 	
108	3		3		70 80 71 		301 306 299 	
109	3		3		71 80 81 		306 348 307 	
110	3		3		71 81 72 		307 312 305 	
111	3		3		72 81 82 		312 352 313 	
112	3		3		72 82 73 		313 318 311 	
113	3		3		73 82 83 		318 356 319 	
114	3		3		73 83 74 		319 324 317 	
115	3		3		74 83 84 		324 360 325 	
116	3		3		74 84 75 		325 328 323 	
117	3		3		75 84 11 		328 69 68 	
118	3		3		75 11 0 		68 1 3 	
119	3		3		76 85 77 		332 337 331 	
120	3		3		77 85 86 		337 364 338 	
121	3		3		77 86 78 		338 341 336 	
122	3		3		78 86 87 		341 369 342 	
123	3		3		78 87 79 		342 345 340 	
124	3		3		79 87 88 		345 373 346 	
125	3		3		79 88 80 		346 349 344 	
126	3		3		80 88 89 		349 377 350 	
127	3		3		80 89 81 		350 353 348 	
128	3		3		81 89 90 		353 381 354 	
129	3		3		81 90 82 		354 357 352 	
130	3		3		82 90 91 		357 385 358 	
131	3		3		82 91 83 		358 361 356 	
132	3		3		83 91 92 		361 389 362 	
133	3		3		83 92 84 		362 363 360 	
134	3		3		84 92 21 		363 108 107 	
135	3		3		84 21 11 		107 66 69 	
136	3		3		85 93 86 		365 370 364 	
137	3		3		86 93 94 		370 393 371 	
138	3		3		86 94 87 		371 374 369 	
139	3		3		87 94 95 		374 398 375 	
140	3		3		87 95 88 		375 378 373 	
141	3		3		88 95 96 		378 402 379 	
142	3		3		88 96 89 		379 382 377 	
143	3		3		89 96 97 		382 406 383 	
144	3		3		89 97 90 		383 386 381 	
145	3		3		90 97 98 		386 410 387 	
146	3		3		90 98 91 		387 390 385 	
147	3		3		91 98 99 		390 414 391 	
148	3		3		91 99 92 		391 392 389 	
149	3		3		92 99 30 		392 143 142 	
150	3		3		92 30 21 		142 105 108 	
151	3		3		93 100 94 		394 399 393 	
152	3		3		94 100 101 		399 418 400 	
153	3		3		94 101 95 		400 403 398 	
154	3		3		95 101 102 		403 423 404 	
155	3		3		95 102 96 		404 407 402 	
156	3		3		96 102 103 		407 427 408 	
157	3		3		96 103 97 		408 411 406 	
158	3		3		97 103 104 		411 431 412 	
159	3		3		97 104 98 		412 415 410 	
160	3		3		98 104 105 		415 435 416 	
161	3		3		98 105 99 		416 417 414 	
162	3		3		99 105 38 		417 174 173 	
163	3		3		99 38 30 		173 140 143 	
164	3		3		100 106 101 		419 424 418 	
165	3		3		101 106 107 		424 439 425 	
166	3		3		101 107 102 		425 428 423 	
167	3		3		102 107 108 		428 444 429 	
168	3		3		102 108 103 		429 432 427 	
169	3		3		103 108 109 		432 448 433 	
170	3		3		103 109 104 		433 436 431 	
171	3		3		104 109 110 		436 452 437 	
172	3		3		104 110 105 		437 438 435 	
173	3		3		105 110 45 		438 201 200 	
174	3		3		105 45 38 		200 171 174 	
175	3		3		106 111 107 		440 445 439 	
176	3		3		107 111 112 		445 456 446 	
177	3		3		107 112 108 		446 449 444 	
178	3		3		108 112 113 		449 461 450 	
179	3		3		108 113 109 		450 453 448 	
180	3		3		109 113 114 		453 465 454 	
181	3		3		109 114 110 		454 455 452 	
182	3		3		110 114 51 		455 224 223 	
183	3		3		110 51 45 		223 198 201 	
184	3		3		111 115 112 		457 462 456 	
185	3		3		112 115 116 		462 469 463 	
186	3		3		112 116 113 		463 466 461 	
187	3		3		113 116 117 		466 474 467 	
188	3		3		113 117 114 		467 468 465 	
189	3		3		114 117 56 		468 243 242 	
190	3		3		114 56 51 		242 221 224 	
191	3		3		115 118 116 		470 475 469 	
192	3		3		116 118 119 		475 478 476 	
193	3		3		116 119 117 		476 477 474 	
194	3		3		117 119 60 		477 257 256 	
195	3		3		117 60 56 		256 240 243 	
196	3		3		118 120 119 		479 482 478 	
197	3		3		119 120 63 		482 267 266 	
198	3		3		119 63 60 		266 255 257 	
199	3		3		120 65 63 		271 265 267 	
200	3		3		121 131 122 		486 493 485 	
201	3		3		122 131 132 		493 542 494 	
202	3		3		122 132 123 		494 499 492 	
203	3		3		123 132 133 		499 547 500 	
204	3		3		123 133 124 		500 505 498 	
205	3		3		124 133 134 		505 551 506 	
206	3		3		124 134 125 		506 511 504 	
207	3		3		125 134 135 		511 555 512 	
208	3		3		125 135 126 		512 517 510 	
209	3		3		126 135 136 		517 559 518 	
210	3		3		126 136 127 		518 523 516 	
211	3		3		127 136 137 		523 563 524 	
212	3		3		127 137 128 		524 529 522 	
213	3		3		128 137 138 		529 567 530 	
214	3		3		128 138 129 		530 535 528 	
215	3		3		129 138 139 		535 571 536 	
216	3		3		129 139 130 		536 539 534 	
217	3		3		130 139 76 		539 335 334 	
218	3		3		130 76 66 		334 275 277 	
219	3		3		131 140 132 		543 548 542 	
220	3		3		132 140 141 		548 575 549 	
221	3		3		132 141 133 		549 552 547 	
222	3		3		133 141 142 		552 580 553 	
223	3		3		133 142 134 		553 556 551 	
224	3		3		134 142 143 		556 584 557 	
225	3		3		134 143 135 		557 560 555 	
226	3		3		135 143 144 		560 588 561 	
227	3		3		135 144 136 		561 564 559 	
228	3		3		136 144 145 		564 592 565 	
229	3		3		136 145 137 		565 568 563 	
230	3		3		137 145 146 		568 596 569 	
231	3		3		137 146 138 		569 572 567 	
232	3		3		138 146 147 		572 600 573 	
233	3		3		138 147 139 		573 574 571 	
234	3		3		139 147 85 		574 368 367 	
235	3		3		139 85 76 		367 332 335 	
236	3		3		140 148 141 		576 581 575 	
237	3		3		141 148 149 		581 604 582 	
238	3		3		141 149 142 		582 585 580 	
239	3		3		142 149 150 		585 609 586 	
240	3		3		142 150 143 		586 589 584 	
241	3		3		143 150 151 		589 613 590 	
242	3		3		143 151 144 		590 593 588 	
243	3		3		144 151 152 		593 617 594 	
244	3		3		144 152 145 		594 597 592 	
245	3		3		145 152 153 		597 621 598 	
246	3		3		145 153 146 		598 601 596 	
247	3		3		146 153 154 		601 625 602 	
248	3		3		146 154 147 		602 603 600 	
249	3		3		147 154 93 		603 397 396 	
250	3		3		147 93 85 		396 365 368 	
251	3		3		148 155 149 		605 610 604 	
252	3		3		149 155 156 		610 629 611 	
253	3		3		149 156 150 		611 614 609 	
254	3		3		150 156 157 		614 634 615 	
255	3		3		150 157 151 		615 618 613 	
256	3		3		151 157 158 		618 638 619 	
257	3		3		151 158 152 		619 622 617 	
258	3		3		152 158 159 		622 642 623 	
259	3		3		152 159 153 		623 626 621 	
260	3		3		153 159 160 		626 646 627 	
261	3		3		153 160 154 		627 628 625 	
262	3		3		154 160 100 		628 422 421 	
263	3		3		154 100 93 		421 394 397 	
264	3		3		155 161 156 		630 635 629 	
265	3		3		156 161 162 		635 650 636 	
266	3		3		156 162 157 		636 639 634 	
267	3		3		157 162 163 		639 655 640 	
268	3		3		157 163 158 		640 643 638 	
269	3		3		158 163 164 		643 659 644 	
270	3		3		158 164 159 		644 647 642 	
271	3		3		159 164 165 		647 663 648 	
272	3		3		159 165 160 		648 649 646 	
273	3		3		160 165 106 		649 443 442 	
274	3		3		160 106 100 		442 419 422 	
275	3		3		161 166 162 		651 656 650 	
276	3		3		162 166 167 		656 667 657 	
277	3		3		162 167 163 		657 660 655 	
278	3		3		163 167 168 		660 672 661 	
279	3		3		163 168 164 		661 664 659 	
280	3		3		164 168 169 		664 676 665 	
281	3		3		164 169 165 		665 666 663 	
282	3		3		165 169 111 		666 460 459 	
283	3		3		165 111 106 		459 440 443 	
284	3		3		166 170 167 		668 673 667 	
285	3		3		167 170 171 		673 680 674 	
286	3		3		167 171 168 		674 677 672 	
287	3		3		168 171 172 		677 685 678 	
288	3		3		168 172 169 		678 679 676 	
289	3		3		169 172 115 		679 473 472 	
290	3		3		169 115 111 		472 457 460 	
291	3		3		170 173 171 		681 686 680 	
292	3		3		171 173 174 		686 689 687 	
293	3		3		171 174 172 		687 688 685 	
294	3		3		172 174 118 		688 481 480 	
295	3		3		172 118 115 		480 470 473 	
296	3		3		173 175 174 		690 693 689 	
297	3		3		174 175 120 		693 484 483 	
298	3		3		174 120 118 		483 479 481 	
299	3		3		175 65 120 		272 271 484 	
300	3		3		176 186 177 		697 704 696 	
301	3		3		177 186 187 		704 753 705 	
302	3		3		177 187 178 		705 710 703 	
303	3		3		178 187 188 		710 758 711 	
304	3		3		178 188 179 		711 716 709 	
305	3		3		179 188 189 		716 762 717 	
306	3		3		179 189 180 		717 722 715 	
307	3		3		180 189 190 		722 766 723 	
308	3		3		180 190 181 		723 728 721 	
309	3		3		181 190 191 		728 770 729 	
310	3		3		181 191 182 		729 734 727 	
311	3		3		182 191 192 		734 774 735 	
312	3		3		182 192 183 		735 740 733 	
313	3		3		183 192 193 		740 778 741 	
314	3		3		183 193 184 		741 746 739 	
315	3		3		184 193 194 		746 782 747 	
316	3		3		184 194 185 		747 750 745 	
317	3		3		185 194 131 		750 546 545 	
318	3		3		185 131 121 		545 486 488 	
319	3		3		186 195 187 		754 759 753 	
320	3		3		187 195 196 		759 786 760 	
321	3		3		187 196 188 		760 763 758 	
322	3		3		188 196 197 		763 791 764 	
323	3		3		188 197 189 		764 767 762 	
324	3		3		189 197 198 		767 795 768 	
325	3		3		189 198 190 		768 771 766 	
326	3		3		190 198 199 		771 799 772 	
327	3		3		190 199 191 		772 775 770 	
328	3		3		191 199 200 		775 803 776 	
329	3		3		191 200 192 		776 779 774 	
330	3		3		192 200 201 		779 807 780 	
331	3		3		192 201 193 		780 783 778 	
332	3		3		193 201 202 		783 811 784 	
333	3		3		193 202 194 		784 785 782 	
334	3		3		194 202 140 		785 579 578 	
335	3		3		194 140 131 		578 543 546 	
336	3		3		195 203 196 		787 792 786 	
337	3		3		196 203 204 		792 815 793 	
338	3		3		196 204 197 		793 796 791 	
339	3		3		197 204 205 		796 820 797 	
340	3		3		197 205 198 		797 800 795 	
341	3		3		198 205 206 		800 824 801 	
342	3		3		198 206 199 		801 804 799 	
343	3		3		199 206 207 		804 828 805 	
344	3		3		199 207 200 		805 808 803 	
345	3		3		200 207 208 		808 832 809 	
346	3		3		200 208 201 		809 812 807 	
347	3		3		201 208 209 		812 836 813 	
348	3		3		201 209 202 		813 814 811 	
349	3		3		202 209 148 		814 608 607 	
350	3		3		202 148 140 		607 576 579 	
351	3		3		203 210 204 		816 821 815 	
352	3		3		204 210 211 		821 840 822 	
353	3		3		204 211 205 		822 825 820 	
354	3		3		205 211 212 		825 845 826 	
355	3		3		205 212 206 		826 829 824 	
356	3		3		206 212 213 		829 849 830 	
357	3		3		206 213 207 		830 833 828 	
358	3		3		207 213 214 		833 853 834 	
359	3		3		207 214 208 		834 837 832 	
360	3		3		208 214 215 		837 857 838 	
361	3		3		208 215 209 		838 839 836 	
362	3		3		209 215 155 		839 633 632 	
363	3		3		209 155 148 		632 605 608 	
364	3		3		210 216 211 		841 846 840 	
365	3		3		211 216 217 		846 861 847 	
366	3		3		211 217 212 		847 850 845 	
367	3		3		212 217 218 		850 866 851 	
368	3		3		212 218 213 		851 854 849 	
369	3		3		213 218 219 		854 870 855 	
370	3		3		213 219 214 		855 858 853 	
371	3		3		214 219 220 		858 874 859 	
372	3		3		214 220 215 		859 860 857 	
373	3		3		215 220 161 		860 654 653 	
374	3		3		215 161 155 		653 630 633 	
375	3		3		216 221 217 		862 867 861 	
376	3		3		217 221 222 		867 878 868 	
377	3		3		217 222 218 		868 871 866 	
378	3		3		218 222 223 		871 883 872 	
379	3		3		218 223 219 		872 875 870 	
380	3		3		219 223 224 		875 887 876 	
381	3		3		219 224 220 		876 877 874 	
382	3		3		220 224 166 		877 671 670 	
383	3		3		220 166 161 		670 651 654 	
384	3		3		221 225 222 		879 884 878 	
385	3		3		222 225 226 		884 891 885 	
386	3		3		222 226 223 		885 888 883 	
387	3		3		223 226 227 		888 896 889 	
388	3		3		223 227 224 		889 890 887 	
389	3		3		224 227 170 		890 684 683 	
390	3		3		224 170 166 		683 668 671 	
391	3		3		225 228 226 		892 897 891 	
392	3		3		226 228 229 		897 900 898 	
393	3		3		226 229 227 		898 899 896 	
394	3		3		227 229 173 		899 692 691 	
395	3		3		227 173 170 		691 681 684 	
396	3		3		228 230 229 		901 904 900 	
397	3		3		229 230 175 		904 695 694 	
398	3		3		229 175 173 		694 690 692 	
399	3		3		230 65 175 		273 272 695 	
400	3		3		10 20 231 		59 101 60 	
401	3		3		231 20 240 		101 102 907 	
402	3		3		231 240 232 		907 912 906 	
403	3		3		232 240 241 		912 955 913 	
404	3		3		232 241 233 		913 918 911 	
405	3		3		233 241 242 		918 958 919 	
406	3		3		233 242 234 		919 924 917 	
407	3		3		234 242 243 		924 962 925 	
408	3		3		234 243 235 		925 930 923 	
409	3		3		235 243 244 		930 966 931 	
410	3		3		235 244 236 		931 936 929 	
411	3		3		236 244 245 		936 970 937 	
412	3		3		236 245 237 		937 942 935 	
413	3		3		237 245 246 		942 974 943 	
414	3		3		237 246 238 		943 948 941 	
415	3		3		238 246 247 		948 978 949 	
416	3		3		238 247 239 		949 952 947 	
417	3		3		239 247 186 		952 757 756 	
418	3		3		239 186 176 		756 697 699 	
419	3		3		20 29 240 		100 136 102 	
420	3		3		240 29 248 		136 137 956 	
421	3		3		240 248 241 		956 959 955 	
422	3		3		241 248 249 		959 982 960 	
423	3		3		241 249 242 		960 963 958 	
424	3		3		242 249 250 		963 985 964 	
425	3		3		242 250 243 		964 967 962 	
426	3		3		243 250 251 		967 989 968 	
427	3		3		243 251 244 		968 971 966 	
428	3		3		244 251 252 		971 993 972 	
429	3		3		244 252 245 		972 975 970 	
430	3		3		245 252 253 		975 997 976 	
431	3		3		245 253 246 		976 979 974 	
432	3		3		246 253 254 		979 1001 980 	
433	3		3		246 254 247 		980 981 978 	
434	3		3		247 254 195 		981 790 789 	
435	3		3		247 195 186 		789 754 757 	
436	3		3		29 37 248 		135 167 137 	
437	3		3		248 37 255 		167 168 983 	
438	3		3		248 255 249 		983 986 982 	
439	3		3		249 255 256 		986 1005 987 	
440	3		3		249 256 250 		987 990 985 	
441	3		3		250 256 257 		990 1008 991 	
442	3		3		250 257 251 		991 994 989 	
443	3		3		251 257 258 		994 1012 995 	
444	3		3		251 258 252 		995 998 993 	
445	3		3		252 258 259 		998 1016 999 	
446	3		3		252 259 253 		999 1002 997 	
447	3		3		253 259 260 		1002 1020 1003 	
448	3		3		253 260 254 		1003 1004 1001 	
449	3		3		254 260 203 		1004 819 818 	
450	3		3		254 203 195 		818 787 790 	
451	3		3		37 44 255 		166 194 168 	
452	3		3		255 44 261 		194 195 1006 	
453	3		3		255 261 256 		1006 1009 1005 	
454	3		3		256 261 262 		1009 1024 1010 	
455	3		3		256 262 257 		1010 1013 1008 	
456	3		3		257 262 263 		1013 1027 1014 	
457	3		3		257 263 258 		1014 1017 1012 	
458	3		3		258 263 264 		1017 1031 1018 	
459	3		3		258 264 259 		1018 1021 1016 	
460	3		3		259 264 265 		1021 1035 1022 	
461	3		3		259 265 260 		1022 1023 1020 	
462	3		3		260 265 210 		1023 844 843 	
463	3		3		260 210 203 		843 816 819 	
464	3		3		44 50 261 		193 217 195 	
465	3		3		261 50 266 		217 218 1025 	
466	3		3		261 266 262 		1025 1028 1024 	
467	3		3		262 266 267 		1028 1039 1029 	
468	3		3		262 267 263 		1029 1032 1027 	
469	3		3		263 267 268 		1032 1042 1033 	
470	3		3		263 268 264 		1033 1036 1031 	
471	3		3		264 268 269 		1036 1046 1037 	
472	3		3		264 269 265 		1037 1038 1035 	
473	3		3		265 269 216 		1038 865 864 	
474	3		3		265 216 210 		864 841 844 	
475	3		3		50 55 266 		216 236 218 	
476	3		3		266 55 270 		236 237 1040 	
477	3		3		266 270 267 		1040 1043 1039 	
478	3		3		267 270 271 		1043 1050 1044 	
479	3		3		267 271 268 		1044 1047 1042 	
480	3		3		268 271 272 		1047 1053 1048 	
481	3		3		268 272 269 		1048 1049 1046 	
482	3		3		269 272 221 		1049 882 881 	
483	3		3		269 221 216 		881 862 865 	
484	3		3		55 59 270 		235 251 237 	
485	3		3		270 59 273 		251 252 1051 	
486	3		3		270 273 271 		1051 1054 1050 	
487	3		3		271 273 274 		1054 1057 1055 	
488	3		3		271 274 272 		1055 1056 1053 	
489	3		3		272 274 225 		1056 895 894 	
490	3		3		272 225 221 		894 879 882 	
491	3		3		59 62 273 		250 262 252 	
492	3		3		273 62 275 		262 263 1058 	
493	3		3		273 275 274 		1058 1059 1057 	
494	3		3		274 275 228 		1059 903 902 	
495	3		3		274 228 225 		902 892 895 	
496	3		3		62 64 275 		261 270 263 	
497	3		3		275 64 230 		270 269 905 	
498	3		3		275 230 228 		905 901 903 	
499	3		3		64 65 230 		268 273 269 	
500	3		3		276 286 277 		1061 1068 1060 	
501	3		3		277 286 287 		1068 1124 1069 	
502	3		3		277 287 278 		1069 1074 1067 	
503	3		3		278 287 288 		1074 1129 1075 	
504	3		3		278 288 279 		1075 1080 1073 	
505	3		3		279 288 289 		1080 1133 1081 	
506	3		3		279 289 280 		1081 1087 1079 	
507	3		3		280 289 290 		1087 1137 1088 	
508	3		3		280 290 281 		1088 1094 1086 	
509	3		3		281 290 291 		1094 1141 1095 	
510	3		3		281 291 282 		1095 1101 1093 	
511	3		3		282 291 292 		1101 1145 1102 	
512	3		3		282 292 283 		1102 1108 1100 	
513	3		3		283 292 293 		1108 1149 1109 	
514	3		3		283 293 284 		1109 1115 1107 	
515	3		3		284 293 294 		1115 1153 1116 	
516	3		3		284 294 285 		1116 1120 1114 	
517	3		3		285 294 75 		1120 330 329 	
518	3		3		285 75 0 		329 3 4 	
519	3		3		286 295 287 		1125 1130 1124 	
520	3		3		287 295 296 		1130 1157 1131 	
521	3		3		287 296 288 		1131 1134 1129 	
522	3		3		288 296 297 		1134 1162 1135 	
523	3		3		288 297 289 		1135 1138 1133 	
524	3		3		289 297 298 		1138 1166 1139 	
525	3		3		289 298 290 		1139 1142 1137 	
526	3		3		290 298 299 		1142 1170 1143 	
527	3		3		290 299 291 		1143 1146 1141 	
528	3		3		291 299 300 		1146 1174 1147 	
529	3		3		291 300 292 		1147 1150 1145 	
530	3		3		292 300 301 		1150 1178 1151 	
531	3		3		292 301 293 		1151 1154 1149 	
532	3		3		293 301 302 		1154 1182 1155 	
533	3		3		293 302 294 		1155 1156 1153 	
534	3		3		294 302 74 		1156 327 326 	
535	3		3		294 74 75 		326 323 330 	
536	3		3		295 303 296 		1158 1163 1157 	
537	3		3		296 303 304 		1163 1186 1164 	
538	3		3		296 304 297 		1164 1167 1162 	
539	3		3		297 304 305 		1167 1192 1168 	
540	3		3		297 305 298 		1168 1171 1166 	
541	3		3		298 305 306 		1171 1196 1172 	
542	3		3		298 306 299 		1172 1175 1170 	
543	3		3		299 306 307 		1175 1200 1176 	
544	3		3		299 307 300 		1176 1179 1174 	
545	3		3		300 307 308 		1179 1204 1180 	
546	3		3		300 308 301 		1180 1183 1178 	
547	3		3		301 308 309 		1183 1208 1184 	
548	3		3		301 309 302 		1184 1185 1182 	
549	3		3		302 309 73 		1185 322 321 	
550	3		3		302 73 74 		321 317 327 	
551	3		3		303 310 304 		1187 1193 1186 	
552	3		3		304 310 311 		1193 1212 1194 	
553	3		3		304 311 305 		1194 1197 1192 	
554	3		3		305 311 312 		1197 1218 1198 	
555	3		3		305 312 306 		1198 1201 1196 	
556	3		3		306 312 313 		1201 1222 1202 	
557	3		3		306 313 307 		1202 1205 1200 	
558	3		3		307 313 314 		1205 1226 1206 	
559	3		3		307 314 308 		1206 1209 1204 	
560	3		3		308 314 315 		1209 1230 1210 	
561	3		3		308 315 309 		1210 1211 1208 	
562	3		3		309 315 72 		1211 316 315 	
563	3		3		309 72 73 		315 311 322 	
564	3		3		310 316 311 		1213 1219 1212 	
565	3		3		311 316 317 		1219 1234 1220 	
566	3		3		311 317 312 		1220 1223 1218 	
567	3		3		312 317 318 		1223 1240 1224 	
568	3		3		312 318 313 		1224 1227 1222 	
569	3		3		313 318 319 		1227 1244 1228 	
570	3		3		313 319 314 		1228 1231 1226 	
571	3		3		314 319 320 		1231 1248 1232 	
572	3		3		314 320 315 		1232 1233 1230 	
573	3		3		315 320 71 		1233 310 309 	
574	3		3		315 71 72 		309 305 316 	
575	3		3		316 321 317 		1235 1241 1234 	
576	3		3		317 321 322 		1241 1252 1242 	
577	3		3		317 322 318 		1242 1245 1240 	
578	3		3		318 322 323 		1245 1258 1246 	
579	3		3		318 323 319 		1246 1249 1244 	
580	3		3		319 323 324 		1249 1262 1250 	
581	3		3		319 324 320 		1250 1251 1248 	
582	3		3		320 324 70 		1251 304 303 	
583	3		3		320 70 71 		303 299 310 	
584	3		3		321 325 322 		1253 1259 1252 	
585	3		3		322 325 326 		1259 1266 1260 	
586	3		3		322 326 323 		1260 1263 1258 	
587	3		3		323 326 327 		1263 1272 1264 	
588	3		3		323 327 324 		1264 1265 1262 	
589	3		3		324 327 69 		1265 298 297 	
590	3		3		324 69 70 		297 293 304 	
591	3		3		325 328 326 		1267 1273 1266 	
592	3		3		326 328 329 		1273 1276 1274 	
593	3		3		326 329 327 		1274 1275 1272 	
594	3		3		327 329 68 		1275 292 291 	
595	3		3		327 68 69 		291 287 298 	
596	3		3		328 330 329 		1277 1281 1276 	
597	3		3		329 330 67 		1281 286 285 	
598	3		3		329 67 68 		285 281 292 	
599	3		3		330 66 67 		278 274 286 	
600	3		3		331 341 332 		1286 1293 1285 	
601	3		3		332 341 342 		1293 1349 1294 	
602	3		3		332 342 333 		1294 1299 1292 	
603	3		3		333 342 343 		1299 1354 1300 	
604	3		3		333 343 334 		1300 1305 1298 	
605	3		3		334 343 344 		1305 1358 1306 	
606	3		3		334 344 335 		1306 1312 1304 	
607	3		3		335 344 345 		1312 1362 1313 	
608	3		3		335 345 336 		1313 1319 1311 	
609	3		3		336 345 346 		1319 1366 1320 	
610	3		3		336 346 337 		1320 1326 1318 	
611	3		3		337 346 347 		1326 1370 1327 	
612	3		3		337 347 338 		1327 1333 1325 	
613	3		3		338 347 348 		1333 1374 1334 	
614	3		3		338 348 339 		1334 1340 1332 	
615	3		3		339 348 349 		1340 1378 1341 	
616	3		3		339 349 340 		1341 1345 1339 	
617	3		3		340 349 9 		1345 58 57 	
618	3		3		340 9 10 		57 54 62 	
619	3		3		341 350 342 		1350 1355 1349 	
620	3		3		342 350 351 		1355 1382 1356 	
621	3		3		342 351 343 		1356 1359 1354 	
622	3		3		343 351 352 		1359 1387 1360 	
623	3		3		343 352 344 		1360 1363 1358 	
624	3		3		344 352 353 		1363 1391 1364 	
625	3		3		344 353 345 		1364 1367 1362 	
626	3		3		345 353 354 		1367 1395 1368 	
627	3		3		345 354 346 		1368 1371 1366 	
628	3		3		346 354 355 		1371 1399 1372 	
629	3		3		346 355 347 		1372 1375 1370 	
630	3		3		347 355 356 		1375 1403 1376 	
631	3		3		347 356 348 		1376 1379 1374 	
632	3		3		348 356 357 		1379 1407 1380 	
633	3		3		348 357 349 		1380 1381 1378 	
634	3		3		349 357 8 		1381 53 52 	
635	3		3		349 8 9 		52 49 58 	
636	3		3		350 358 351 		1383 1388 1382 	
637	3		3		351 358 359 		1388 1411 1389 	
638	3		3		351 359 352 		1389 1392 1387 	
639	3		3		352 359 360 		1392 1417 1393 	
640	3		3		352 360 353 		1393 1396 1391 	
641	3		3		353 360 361 		1396 1421 1397 	
642	3		3		353 361 354 		1397 1400 1395 	
643	3		3		354 361 362 		1400 1425 1401 	
644	3		3		354 362 355 		1401 1404 1399 	
645	3		3		355 362 363 		1404 1429 1405 	
646	3		3		355 363 356 		1405 1408 1403 	
647	3		3		356 363 364 		1408 1433 1409 	
648	3		3		356 364 357 		1409 1410 1407 	
649	3		3		357 364 7 		1410 48 47 	
650	3		3		357 7 8 		47 43 53 	
651	3		3		358 365 359 		1412 1418 1411 	
652	3		3		359 365 366 		1418 1437 1419 	
653	3		3		359 366 360 		1419 1422 1417 	
654	3		3		360 366 367 		1422 1443 1423 	
655	3		3		360 367 361 		1423 1426 1421 	
656	3		3		361 367 368 		1426 1447 1427 	
657	3		3		361 368 362 		1427 1430 1425 	
658	3		3		362 368 369 		1430 1451 1431 	
659	3		3		362 369 363 		1431 1434 1429 	
660	3		3		363 369 370 		1434 1455 1435 	
661	3		3		363 370 364 		1435 1436 1433 	
662	3		3		364 370 6 		1436 42 41 	
663	3		3		364 6 7 		41 37 48 	
664	3		3		365 371 366 		1438 1444 1437 	
665	3		3		366 371 372 		1444 1459 1445 	
666	3		3		366 372 367 		1445 1448 1443 	
667	3		3		367 372 373 		1448 1465 1449 	
668	3		3		367 373 368 		1449 1452 1447 	
669	3		3		368 373 374 		1452 1469 1453 	
670	3		3		368 374 369 		1453 1456 1451 	
671	3		3		369 374 375 		1456 1473 1457 	
672	3		3		369 375 370 		1457 1458 1455 	
673	3		3		370 375 5 		1458 36 35 	
674	3		3		370 5 6 		35 31 42 	
675	3		3		371 376 372 		1460 1466 1459 	
676	3		3		372 376 377 		1466 1477 1467 	
677	3		3		372 377 373 		1467 1470 1465 	
678	3		3		373 377 378 		1470 1483 1471 	
679	3		3		373 378 374 		1471 1474 1469 	
680	3		3		374 378 379 		1474 1487 1475 	
681	3		3		374 379 375 		1475 1476 1473 	
682	3		3		375 379 4 		1476 30 29 	
683	3		3		375 4 5 		29 25 36 	
684	3		3		376 380 377 		1478 1484 1477 	
685	3		3		377 380 381 		1484 1491 1485 	
686	3		3		377 381 378 		1485 1488 1483 	
687	3		3		378 381 382 		1488 1497 1489 	
688	3		3		378 382 379 		1489 1490 1487 	
689	3		3		379 382 3 		1490 24 23 	
690	3		3		379 3 4 		23 19 30 	
691	3		3		380 383 381 		1492 1498 1491 	
692	3		3		381 383 384 		1498 1501 1499 	
693	3		3		381 384 382 		1499 1500 1497 	
694	3		3		382 384 2 		1500 18 17 	
695	3		3		382 2 3 		17 13 24 	
696	3		3		383 385 384 		1502 1506 1501 	
697	3		3		384 385 1 		1506 12 11 	
698	3		3		384 1 2 		11 7 18 	
699	3		3		385 0 1 		5 0 12 	
700	3		3		386 396 387 		1510 1517 1509 	
701	3		3		387 396 397 		1517 1573 1518 	
702	3		3		387 397 388 		1518 1523 1516 	
703	3		3		388 397 398 		1523 1578 1524 	
704	3		3		388 398 389 		1524 1529 1522 	
705	3		3		389 398 399 		1529 1582 1530 	
706	3		3		389 399 390 		1530 1536 1528 	
707	3		3		390 399 400 		1536 1586 1537 	
708	3		3		390 400 391 		1537 1543 1535 	
709	3		3		391 400 401 		1543 1590 1544 	
710	3		3		391 401 392 		1544 1550 1542 	
711	3		3		392 401 402 		1550 1594 1551 	
712	3		3		392 402 393 		1551 1557 1549 	
713	3		3		393 402 403 		1557 1598 1558 	
714	3		3		393 403 394 		1558 1564 1556 	
715	3		3		394 403 404 		1564 1602 1565 	
716	3		3		394 404 395 		1565 1569 1563 	
717	3		3		395 404 239 		1569 954 953 	
718	3		3		395 239 176 		953 699 700 	
719	3		3		396 405 397 		1574 1579 1573 	
720	3		3		397 405 406 		1579 1606 1580 	
721	3		3		397 406 398 		1580 1583 1578 	
722	3		3		398 406 407 		1583 1611 1584 	
723	3		3		398 407 399 		1584 1587 1582 	
724	3		3		399 407 408 		1587 1615 1588 	
725	3		3		399 408 400 		1588 1591 1586 	
726	3		3		400 408 409 		1591 1619 1592 	
727	3		3		400 409 401 		1592 1595 1590 	
728	3		3		401 409 410 		1595 1623 1596 	
729	3		3		401 410 402 		1596 1599 1594 	
730	3		3		402 410 411 		1599 1627 1600 	
731	3		3		402 411 403 		1600 1603 1598 	
732	3		3		403 411 412 		1603 1631 1604 	
733	3		3		403 412 404 		1604 1605 1602 	
734	3		3		404 412 238 		1605 951 950 	
735	3		3		404 238 239 		950 947 954 	
736	3		3		405 413 406 		1607 1612 1606 	
737	3		3		406 413 414 		1612 1635 1613 	
738	3		3		406 414 407 		1613 1616 1611 	
739	3		3		407 414 415 		1616 1641 1617 	
740	3		3		407 415 408 		1617 1620 1615 	
741	3		3		408 415 416 		1620 1645 1621 	
742	3		3		408 416 409 		1621 1624 1619 	
743	3		3		409 416 417 		1624 1649 1625 	
744	3		3		409 417 410 		1625 1628 1623 	
745	3		3		410 417 418 		1628 1653 1629 	
746	3		3		410 418 411 		1629 1632 1627 	
747	3		3		411 418 419 		1632 1657 1633 	
748	3		3		411 419 412 		1633 1634 1631 	
749	3		3		412 419 237 		1634 946 945 	
750	3		3		412 237 238 		945 941 951 	
751	3		3		413 420 414 		1636 1642 1635 	
752	3		3		414 420 421 		1642 1661 1643 	
753	3		3		414 421 415 		1643 1646 1641 	
754	3		3		415 421 422 		1646 1667 1647 	
755	3		3		415 422 416 		1647 1650 1645 	
756	3		3		416 422 423 		1650 1671 1651 	
757	3		3		416 423 417 		1651 1654 1649 	
758	3		3		417 423 424 		1654 1675 1655 	
759	3		3		417 424 418 		1655 1658 1653 	
760	3		3		418 424 425 		1658 1679 1659 	
761	3		3		418 425 419 		1659 1660 1657 	
762	3		3		419 425 236 		1660 940 939 	
763	3		3		419 236 237 		939 935 946 	
764	3		3		420 426 421 		1662 1668 1661 	
765	3		3		421 426 427 		1668 1683 1669 	
766	3		3		421 427 422 		1669 1672 1667 	
767	3		3		422 427 428 		1672 1689 1673 	
768	3		3		422 428 423 		1673 1676 1671 	
769	3		3		423 428 429 		1676 1693 1677 	
770	3		3		423 429 424 		1677 1680 1675 	
771	3		3		424 429 430 		1680 1697 1681 	
772	3		3		424 430 425 		1681 1682 1679 	
773	3		3		425 430 235 		1682 934 933 	
774	3		3		425 235 236 		933 929 940 	
775	3		3		426 431 427 		1684 1690 1683 	
776	3		3		427 431 432 		1690 1701 1691 	
777	3		3		427 432 428 		1691 1694 1689 	
778	3		3		428 432 433 		1694 1707 1695 	
779	3		3		428 433 429 		1695 1698 1693 	
780	3		3		429 433 434 		1698 1711 1699 	
781	3		3		429 434 430 		1699 1700 1697 	
782	3		3		430 434 234 		1700 928 927 	
783	3		3		430 234 235 		927 923 934 	
784	3		3		431 435 432 		1702 1708 1701 	
785	3		3		432 435 436 		1708 1715 1709 	
786	3		3		432 436 433 		1709 1712 1707 	
787	3		3		433 436 437 		1712 1721 1713 	
788	3		3		433 437 434 		1713 1714 1711 	
789	3		3		434 437 233 		1714 922 921 	
790	3		3		434 233 234 		921 917 928 	
791	3		3		435 438 436 		1716 1722 1715 	
792	3		3		436 438 439 		1722 1725 1723 	
793	3		3		436 439 437 		1723 1724 1721 	
794	3		3		437 439 232 		1724 916 915 	
795	3		3		437 232 233 		915 911 922 	
796	3		3		438 440 439 		1726 1730 1725 	
797	3		3		439 440 231 		1730 910 909 	
798	3		3		439 231 232 		909 906 916 	
799	3		3		440 10 231 		63 60 910 	
800	3		3		441 451 442 		1734 1741 1733 	
801	3		3		442 451 452 		1741 1797 1742 	
802	3		3		442 452 443 		1742 1747 1740 	
803	3		3		443 452 453 		1747 1802 1748 	
804	3		3		443 453 444 		1748 1753 1746 	
805	3		3		444 453 454 		1753 1806 1754 	
806	3		3		444 454 445 		1754 1760 1752 	
807	3		3		445 454 455 		1760 1810 1761 	
808	3		3		445 455 446 		1761 1767 1759 	
809	3		3		446 455 456 		1767 1814 1768 	
810	3		3		446 456 447 		1768 1774 1766 	
811	3		3		447 456 457 		1774 1818 1775 	
812	3		3		447 457 448 		1775 1781 1773 	
813	3		3		448 457 458 		1781 1822 1782 	
814	3		3		448 458 449 		1782 1788 1780 	
815	3		3		449 458 459 		1788 1826 1789 	
816	3		3		449 459 450 		1789 1793 1787 	
817	3		3		450 459 185 		1793 752 751 	
818	3		3		450 185 121 		751 488 489 	
819	3		3		451 460 452 		1798 1803 1797 	
820	3		3		452 460 461 		1803 1830 1804 	
821	3		3		452 461 453 		1804 1807 1802 	
822	3		3		453 461 462 		1807 1835 1808 	
823	3		3		453 462 454 		1808 1811 1806 	
824	3		3		454 462 463 		1811 1839 1812 	
825	3		3		454 463 455 		1812 1815 1810 	
826	3		3		455 463 464 		1815 1843 1816 	
827	3		3		455 464 456 		1816 1819 1814 	
828	3		3		456 464 465 		1819 1847 1820 	
829	3		3		456 465 457 		1820 1823 1818 	
830	3		3		457 465 466 		1823 1851 1824 	
831	3		3		457 466 458 		1824 1827 1822 	
832	3		3		458 466 467 		1827 1855 1828 	
833	3		3		458 467 459 		1828 1829 1826 	
834	3		3		459 467 184 		1829 749 748 	
835	3		3		459 184 185 		748 745 752 	
836	3		3		460 468 461 		1831 1836 1830 	
837	3		3		461 468 469 		1836 1859 1837 	
838	3		3		461 469 462 		1837 1840 1835 	
839	3		3		462 469 470 		1840 1865 1841 	
840	3		3		462 470 463 		1841 1844 1839 	
841	3		3		463 470 471 		1844 1869 1845 	
842	3		3		463 471 464 		1845 1848 1843 	
843	3		3		464 471 472 		1848 1873 1849 	
844	3		3		464 472 465 		1849 1852 1847 	
845	3		3		465 472 473 		1852 1877 1853 	
846	3		3		465 473 466 		1853 1856 1851 	
847	3		3		466 473 474 		1856 1881 1857 	
848	3		3		466 474 467 		1857 1858 1855 	
849	3		3		467 474 183 		1858 744 743 	
850	3		3		467 183 184 		743 739 749 	
851	3		3		468 475 469 		1860 1866 1859 	
852	3		3		469 475 476 		1866 1885 1867 	
853	3		3		469 476 470 		1867 1870 1865 	
854	3		3		470 476 477 		1870 1891 1871 	
855	3		3		470 477 471 		1871 1874 1869 	
856	3		3		471 477 478 		1874 1895 1875 	
857	3		3		471 478 472 		1875 1878 1873 	
858	3		3		472 478 479 		1878 1899 1879 	
859	3		3		472 479 473 		1879 1882 1877 	
860	3		3		473 479 480 		1882 1903 1883 	
861	3		3		473 480 474 		1883 1884 1881 	
862	3		3		474 480 182 		1884 738 737 	
863	3		3		474 182 183 		737 733 744 	
864	3		3		475 481 476 		1886 1892 1885 	
865	3		3		476 481 482 		1892 1907 1893 	
866	3		3		476 482 477 		1893 1896 1891 	
867	3		3		477 482 483 		1896 1913 1897 	
868	3		3		477 483 478 		1897 1900 1895 	
869	3		3		478 483 484 		1900 1917 1901 	
870	3		3		478 484 479 		1901 1904 1899 	
871	3		3		479 484 485 		1904 1921 1905 	
872	3		3		479 485 480 		1905 1906 1903 	
873	3		3		480 485 181 		1906 732 731 	
874	3		3		480 181 182 		731 727 738 	
875	3		3		481 486 482 		1908 1914 1907 	
876	3		3		482 486 487 		1914 1925 1915 	
877	3		3		482 487 483 		1915 1918 1913 	
878	3		3		483 487 488 		1918 1931 1919 	
879	3		3		483 488 484 		1919 1922 1917 	
880	3		3		484 488 489 		1922 1935 1923 	
881	3		3		484 489 485 		1923 1924 1921 	
882	3		3		485 489 180 		1924 726 725 	
883	3		3		485 180 181 		725 721 732 	
884	3		3		486 490 487 		1926 1932 1925 	
885	3		3		487 490 491 		1932 1939 1933 	
886	3		3		487 491 488 		1933 1936 1931 	
887	3		3		488 491 492 		1936 1945 1937 	
888	3		3		488 492 489 		1937 1938 1935 	
889	3		3		489 492 179 		1938 720 719 	
890	3		3		489 179 180 		719 715 726 	
891	3		3		490 493 491 		1940 1946 1939 	
892	3		3		491 493 494 		1946 1949 1947 	
893	3		3		491 494 492 		1947 1948 1945 	
894	3		3		492 494 178 		1948 714 713 	
895	3		3		492 178 179 		713 709 720 	
896	3		3		493 495 494 		1950 1954 1949 	
897	3		3		494 495 177 		1954 708 707 	
898	3		3		494 177 178 		707 703 714 	
899	3		3		495 176 177 		701 696 708 	
900	3		3		496 506 497 		1958 1965 1957 	
901	3		3		497 506 507 		1965 2020 1966 	
902	3		3		497 507 498 		1966 1971 1964 	
903	3		3		498 507 508 		1971 2025 1972 	
904	3		3		498 508 499 		1972 1977 1970 	
905	3		3		499 508 509 		1977 2029 1978 	
906	3		3		499 509 500 		1978 1984 1976 	
907	3		3		500 509 510 		1984 2033 1985 	
908	3		3		500 510 501 		1985 1991 1983 	
909	3		3		501 510 511 		1991 2037 1992 	
910	3		3		501 511 502 		1992 1998 1990 	
911	3		3		502 511 512 		1998 2041 1999 	
912	3		3		502 512 503 		1999 2005 1997 	
913	3		3		503 512 513 		2005 2045 2006 	
914	3		3		503 513 504 		2006 2012 2004 	
915	3		3		504 513 514 		2012 2049 2013 	
916	3		3		504 514 505 		2013 2017 2011 	
917	3		3		505 514 130 		2017 541 540 	
918	3		3		505 130 66 		540 277 279 	
919	3		3		506 515 507 		2021 2026 2020 	
920	3		3		507 515 516 		2026 2053 2027 	
921	3		3		507 516 508 		2027 2030 2025 	
922	3		3		508 516 517 		2030 2058 2031 	
923	3		3		508 517 509 		2031 2034 2029 	
924	3		3		509 517 518 		2034 2062 2035 	
925	3		3		509 518 510 		2035 2038 2033 	
926	3		3		510 518 519 		2038 2066 2039 	
927	3		3		510 519 511 		2039 2042 2037 	
928	3		3		511 519 520 		2042 2070 2043 	
929	3		3		511 520 512 		2043 2046 2041 	
930	3		3		512 520 521 		2046 2074 2047 	
931	3		3		512 521 513 		2047 2050 2045 	
932	3		3		513 521 522 		2050 2078 2051 	
933	3		3		513 522 514 		2051 2052 2049 	
934	3		3		514 522 129 		2052 538 537 	
935	3		3		514 129 130 		537 534 541 	
936	3		3		515 523 516 		2054 2059 2053 	
937	3		3		516 523 524 		2059 2082 2060 	
938	3		3		516 524 517 		2060 2063 2058 	
939	3		3		517 524 525 		2063 2088 2064 	
940	3		3		517 525 518 		2064 2067 2062 	
941	3		3		518 525 526 		2067 2092 2068 	
942	3		3		518 526 519 		2068 2071 2066 	
943	3		3		519 526 527 		2071 2096 2072 	
944	3		3		519 527 520 		2072 2075 2070 	
945	3		3		520 527 528 		2075 2100 2076 	
946	3		3		520 528 521 		2076 2079 2074 	
947	3		3		521 528 529 		2079 2104 2080 	
948	3		3		521 529 522 		2080 2081 2078 	
949	3		3		522 529 128 		2081 533 532 	
950	3		3		522 128 129 		532 528 538 	
951	3		3		523 530 524 		2083 2089 2082 	
952	3		3		524 530 531 		2089 2108 2090 	
953	3		3		524 531 525 		2090 2093 2088 	
954	3		3		525 531 532 		2093 2114 2094 	
955	3		3		525 532 526 		2094 2097 2092 	
956	3		3		526 532 533 		2097 2118 2098 	
957	3		3		526 533 527 		2098 2101 2096 	
958	3		3		527 533 534 		2101 2122 2102 	
959	3		3		527 534 528 		2102 2105 2100 	
960	3		3		528 534 535 		2105 2126 2106 	
961	3		3		528 535 529 		2106 2107 2104 	
962	3		3		529 535 127 		2107 527 526 	
963	3		3		529 127 128 		526 522 533 	
964	3		3		530 536 531 		2109 2115 2108 	
965	3		3		531 536 537 		2115 2130 2116 	
966	3		3		531 537 532 		2116 2119 2114 	
967	3		3		532 537 538 		2119 2136 2120 	
968	3		3		532 538 533 		2120 2123 2118 	
969	3		3		533 538 539 		2123 2140 2124 	
970	3		3		533 539 534 		2124 2127 2122 	
971	3		3		534 539 540 		2127 2144 2128 	
972	3		3		534 540 535 		2128 2129 2126 	
973	3		3		535 540 126 		2129 521 520 	
974	3		3		535 126 127 		520 516 527 	
975	3		3		536 541 537 		2131 2137 2130 	
976	3		3		537 541 542 		2137 2148 2138 	
977	3		3		537 542 538 		2138 2141 2136 	
978	3		3		538 542 543 		2141 2154 2142 	
979	3		3		538 543 539 		2142 2145 2140 	
980	3		3		539 543 544 		2145 2158 2146 	
981	3		3		539 544 540 		2146 2147 2144 	
982	3		3		540 544 125 		2147 515 514 	
983	3		3		540 125 126 		514 510 521 	
984	3		3		541 545 542 		2149 2155 2148 	
985	3		3		542 545 546 		2155 2162 2156 	
986	3		3		542 546 543 		2156 2159 2154 	
987	3		3		543 546 547 		2159 2168 2160 	
988	3		3		543 547 544 		2160 2161 2158 	
989	3		3		544 547 124 		2161 509 508 	
990	3		3		544 124 125 		508 504 515 	
991	3		3		545 548 546 		2163 2169 2162 	
992	3		3		546 548 549 		2169 2172 2170 	
993	3		3		546 549 547 		2170 2171 2168 	
994	3		3		547 549 123 		2171 503 502 	
995	3		3		547 123 124 		502 498 509 	
996	3		3		548 550 549 		2173 2177 2172 	
997	3		3		549 550 122 		2177 497 496 	
998	3		3		549 122 123 		496 492 503 	
999	3		3		550 121 122 		490 485 497 	
1000	3		3		331 560 551 		1289 2181 1288 	
1001	3		3		551 560 561 		2181 2229 2182 	
1002	3		3		551 561 552 		2182 2186 2180 	
1003	3		3		552 561 562 		2186 2234 2187 	
1004	3		3		552 562 553 		2187 2192 2185 	
1005	3		3		553 562 563 		2192 2238 2193 	
1006	3		3		553 563 554 		2193 2198 2191 	
1007	3		3		554 563 564 		2198 2242 2199 	
1008	3		3		554 564 555 		2199 2204 2197 	
1009	3		3		555 564 565 		2204 2246 2205 	
1010	3		3		555 565 556 		2205 2210 2203 	
1011	3		3		556 565 566 		2210 2250 2211 	
1012	3		3		556 566 557 		2211 2216 2209 	
1013	3		3		557 566 567 		2216 2254 2217 	
1014	3		3		557 567 558 		2217 2222 2215 	
1015	3		3		558 567 568 		2222 2258 2223 	
1016	3		3		558 568 559 		2223 2226 2221 	
1017	3		3		559 568 569 		2226 2261 2227 	
1018	3		3		559 569 276 		2227 1064 1063 	
1019	3		3		560 570 561 		2230 2235 2229 	
1020	3		3		561 570 571 		2235 2268 2236 	
1021	3		3		561 571 562 		2236 2239 2234 	
1022	3		3		562 571 572 		2239 2273 2240 	
1023	3		3		562 572 563 		2240 2243 2238 	
1024	3		3		563 572 573 		2243 2277 2244 	
1025	3		3		563 573 564 		2244 2247 2242 	
1026	3		3		564 573 574 		2247 2281 2248 	
1027	3		3		564 574 565 		2248 2251 2246 	
1028	3		3		565 574 575 		2251 2285 2252 	
1029	3		3		565 575 566 		2252 2255 2250 	
1030	3		3		566 575 576 		2255 2289 2256 	
1031	3		3		566 576 567 		2256 2259 2254 	
1032	3		3		567 576 577 		2259 2293 2260 	
1033	3		3		567 577 568 		2260 2262 2258 	
1034	3		3		568 577 578 		2262 2296 2263 	
1035	3		3		568 578 569 		2263 2264 2261 	
1036	3		3		570 579 571 		2269 2274 2268 	
1037	3		3		571 579 580 		2274 2303 2275 	
1038	3		3		571 580 572 		2275 2278 2273 	
1039	3		3		572 580 581 		2278 2308 2279 	
1040	3		3		572 581 573 		2279 2282 2277 	
1041	3		3		573 581 582 		2282 2312 2283 	
1042	3		3		573 582 574 		2283 2286 2281 	
1043	3		3		574 582 583 		2286 2316 2287 	
1044	3		3		574 583 575 		2287 2290 2285 	
1045	3		3		575 583 584 		2290 2320 2291 	
1046	3		3		575 584 576 		2291 2294 2289 	
1047	3		3		576 584 585 		2294 2324 2295 	
1048	3		3		576 585 577 		2295 2297 2293 	
1049	3		3		577 585 586 		2297 2327 2298 	
1050	3		3		577 586 578 		2298 2299 2296 	
1051	3		3		579 587 580 		2304 2309 2303 	
1052	3		3		580 587 588 		2309 2334 2310 	
1053	3		3		580 588 581 		2310 2313 2308 	
1054	3		3		581 588 589 		2313 2339 2314 	
1055	3		3		581 589 582 		2314 2317 2312 	
1056	3		3		582 589 590 		2317 2343 2318 	
1057	3		3		582 590 583 		2318 2321 2316 	
1058	3		3		583 590 591 		2321 2347 2322 	
1059	3		3		583 591 584 		2322 2325 2320 	
1060	3		3		584 591 592 		2325 2351 2326 	
1061	3		3		584 592 585 		2326 2328 2324 	
1062	3		3		585 592 593 		2328 2354 2329 	
1063	3		3		585 593 586 		2329 2330 2327 	
1064	3		3		587 594 588 		2335 2340 2334 	
1065	3		3		588 594 595 		2340 2361 2341 	
1066	3		3		588 595 589 		2341 2344 2339 	
1067	3		3		589 595 596 		2344 2366 2345 	
1068	3		3		589 596 590 		2345 2348 2343 	
1069	3		3		590 596 597 		2348 2370 2349 	
1070	3		3		590 597 591 		2349 2352 2347 	
1071	3		3		591 597 598 		2352 2374 2353 	
1072	3		3		591 598 592 		2353 2355 2351 	
1073	3		3		592 598 599 		2355 2377 2356 	
1074	3		3		592 599 593 		2356 2357 2354 	
1075	3		3		594 600 595 		2362 2367 2361 	
1076	3		3		595 600 601 		2367 2384 2368 	
1077	3		3		595 601 596 		2368 2371 2366 	
1078	3		3		596 601 602 		2371 2389 2372 	
1079	3		3		596 602 597 		2372 2375 2370 	
1080	3		3		597 602 603 		2375 2393 2376 	
1081	3		3		597 603 598 		2376 2378 2374 	
1082	3		3		598 603 604 		2378 2396 2379 	
1083	3		3		598 604 599 		2379 2380 2377 	
1084	3		3		600 605 601 		2385 2390 2384 	
1085	3		3		601 605 606 		2390 2403 2391 	
1086	3		3		601 606 602 		2391 2394 2389 	
1087	3		3		602 606 607 		2394 2408 2395 	
1088	3		3		602 607 603 		2395 2397 2393 	
1089	3		3		603 607 608 		2397 2411 2398 	
1090	3		3		603 608 604 		2398 2399 2396 	
1091	3		3		605 609 606 		2404 2409 2403 	
1092	3		3		606 609 610 		2409 2418 2410 	
1093	3		3		606 610 607 		2410 2412 2408 	
1094	3		3		607 610 611 		2412 2422 2413 	
1095	3		3		607 611 608 		2413 2414 2411 	
1096	3		3		609 612 610 		2419 2423 2418 	
1097	3		3		610 612 613 		2423 2428 2424 	
1098	3		3		610 613 611 		2424 2425 2422 	
1099	3		3		612 614 613 		2429 2432 2428 	
1100	3		3		386 624 615 		1513 2439 1512 	
1101	3		3		615 624 625 		2439 2486 2440 	
1102	3		3		615 625 616 		2440 2444 2438 	
1103	3		3		616 625 626 		2444 2491 2445 	
1104	3		3		616 626 617 		2445 2450 2443 	
1105	3		3		617 626 627 		2450 2495 2451 	
1106	3		3		617 627 618 		2451 2456 2449 	
1107	3		3		618 627 628 		2456 2499 2457 	
1108	3		3		618 628 619 		2457 2462 2455 	
1109	3		3		619 628 629 		2462 2503 2463 	
1110	3		3		619 629 620 		2463 2468 2461 	
1111	3		3		620 629 630 		2468 2507 2469 	
1112	3		3		620 630 621 		2469 2474 2467 	
1113	3		3		621 630 631 		2474 2511 2475 	
1114	3		3		621 631 622 		2475 2480 2473 	
1115	3		3		622 631 632 		2480 2515 2481 	
1116	3		3		622 632 623 		2481 2484 2479 	
1117	3		3		623 632 560 		2484 2233 2232 	
1118	3		3		623 560 331 		2232 1289 1291 	
1119	3		3		624 633 625 		2487 2492 2486 	
1120	3		3		625 633 634 		2492 2519 2493 	
1121	3		3		625 634 626 		2493 2496 2491 	
1122	3		3		626 634 635 		2496 2524 2497 	
1123	3		3		626 635 627 		2497 2500 2495 	
1124	3		3		627 635 636 		2500 2528 2501 	
1125	3		3		627 636 628 		2501 2504 2499 	
1126	3		3		628 636 637 		2504 2532 2505 	
1127	3		3		628 637 629 		2505 2508 2503 	
1128	3		3		629 637 638 		2508 2536 2509 	
1129	3		3		629 638 630 		2509 2512 2507 	
1130	3		3		630 638 639 		2512 2540 2513 	
1131	3		3		630 639 631 		2513 2516 2511 	
1132	3		3		631 639 640 		2516 2544 2517 	
1133	3		3		631 640 632 		2517 2518 2515 	
1134	3		3		632 640 570 		2518 2272 2271 	
1135	3		3		632 570 560 		2271 2230 2233 	
1136	3		3		633 641 634 		2520 2525 2519 	
1137	3		3		634 641 642 		2525 2548 2526 	
1138	3		3		634 642 635 		2526 2529 2524 	
1139	3		3		635 642 643 		2529 2553 2530 	
1140	3		3		635 643 636 		2530 2533 2528 	
1141	3		3		636 643 644 		2533 2557 2534 	
1142	3		3		636 644 637 		2534 2537 2532 	
1143	3		3		637 644 645 		2537 2561 2538 	
1144	3		3		637 645 638 		2538 2541 2536 	
1145	3		3		638 645 646 		2541 2565 2542 	
1146	3		3		638 646 639 		2542 2545 2540 	
1147	3		3		639 646 647 		2545 2569 2546 	
1148	3		3		639 647 640 		2546 2547 2544 	
1149	3		3		640 647 579 		2547 2307 2306 	
1150	3		3		640 579 570 		2306 2269 2272 	
1151	3		3		641 648 642 		2549 2554 2548 	
1152	3		3		642 648 649 		2554 2573 2555 	
1153	3		3		642 649 643 		2555 2558 2553 	
1154	3		3		643 649 650 		2558 2578 2559 	
1155	3		3		643 650 644 		2559 2562 2557 	
1156	3		3		644 650 651 		2562 2582 2563 	
1157	3		3		644 651 645 		2563 2566 2561 	
1158	3		3		645 651 652 		2566 2586 2567 	
1159	3		3		645 652 646 		2567 2570 2565 	
1160	3		3		646 652 653 		2570 2590 2571 	
1161	3		3		646 653 647 		2571 2572 2569 	
1162	3		3		647 653 587 		2572 2338 2337 	
1163	3		3		647 587 579 		2337 2304 2307 	
1164	3		3		648 654 649 		2574 2579 2573 	
1165	3		3		649 654 655 		2579 2594 2580 	
1166	3		3		649 655 650 		2580 2583 2578 	
1167	3		3		650 655 656 		2583 2599 2584 	
1168	3		3		650 656 651 		2584 2587 2582 	
1169	3		3		651 656 657 		2587 2603 2588 	
1170	3		3		651 657 652 		2588 2591 2586 	
1171	3		3		652 657 658 		2591 2607 2592 	
1172	3		3		652 658 653 		2592 2593 2590 	
1173	3		3		653 658 594 		2593 2365 2364 	
1174	3		3		653 594 587 		2364 2335 2338 	
1175	3		3		654 659 655 		2595 2600 2594 	
1176	3		3		655 659 660 		2600 2611 2601 	
1177	3		3		655 660 656 		2601 2604 2599 	
1178	3		3		656 660 661 		2604 2616 2605 	
1179	3		3		656 661 657 		2605 2608 2603 	
1180	3		3		657 661 662 		2608 2620 2609 	
1181	3		3		657 662 658 		2609 2610 2607 	
1182	3		3		658 662 600 		2610 2388 2387 	
1183	3		3		658 600 594 		2387 2362 2365 	
1184	3		3		659 663 660 		2612 2617 2611 	
1185	3		3		660 663 664 		2617 2624 2618 	
1186	3		3		660 664 661 		2618 2621 2616 	
1187	3		3		661 664 665 		2621 2629 2622 	
1188	3		3		661 665 662 		2622 2623 2620 	
1189	3		3		662 665 605 		2623 2407 2406 	
1190	3		3		662 605 600 		2406 2385 2388 	
1191	3		3		663 666 664 		2625 2630 2624 	
1192	3		3		664 666 667 		2630 2633 2631 	
1193	3		3		664 667 665 		2631 2632 2629 	
1194	3		3		665 667 609 		2632 2421 2420 	
1195	3		3		665 609 605 		2420 2404 2407 	
1196	3		3		666 668 667 		2634 2637 2633 	
1197	3		3		667 668 612 		2637 2431 2430 	
1198	3		3		667 612 609 		2430 2419 2421 	
1199	3		3		668 614 612 		2435 2429 2431 	
1200	3		3		441 678 669 		1737 2641 1736 	
1201	3		3		669 678 679 		2641 2688 2642 	
1202	3		3		669 679 670 		2642 2646 2640 	
1203	3		3		670 679 680 		2646 2693 2647 	
1204	3		3		670 680 671 		2647 2652 2645 	
1205	3		3		671 680 681 		2652 2697 2653 	
1206	3		3		671 681 672 		2653 2658 2651 	
1207	3		3		672 681 682 		2658 2701 2659 	
1208	3		3		672 682 673 		2659 2664 2657 	
1209	3		3		673 682 683 		2664 2705 2665 	
1210	3		3		673 683 674 		2665 2670 2663 	
1211	3		3		674 683 684 		2670 2709 2671 	
1212	3		3		674 684 675 		2671 2676 2669 	
1213	3		3		675 684 685 		2676 2713 2677 	
1214	3		3		675 685 676 		2677 2682 2675 	
1215	3		3		676 685 686 		2682 2717 2683 	
1216	3		3		676 686 677 		2683 2686 2681 	
1217	3		3		677 686 624 		2686 2490 2489 	
1218	3		3		677 624 386 		2489 1513 1515 	
1219	3		3		678 687 679 		2689 2694 2688 	
1220	3		3		679 687 688 		2694 2721 2695 	
1221	3		3		679 688 680 		2695 2698 2693 	
1222	3		3		680 688 689 		2698 2726 2699 	
1223	3		3		680 689 681 		2699 2702 2697 	
1224	3		3		681 689 690 		2702 2730 2703 	
1225	3		3		681 690 682 		2703 2706 2701 	
1226	3		3		682 690 691 		2706 2734 2707 	
1227	3		3		682 691 683 		2707 2710 2705 	
1228	3		3		683 691 692 		2710 2738 2711 	
1229	3		3		683 692 684 		2711 2714 2709 	
1230	3		3		684 692 693 		2714 2742 2715 	
1231	3		3		684 693 685 		2715 2718 2713 	
1232	3		3		685 693 694 		2718 2746 2719 	
1233	3		3		685 694 686 		2719 2720 2717 	
1234	3		3		686 694 633 		2720 2523 2522 	
1235	3		3		686 633 624 		2522 2487 2490 	
1236	3		3		687 695 688 		2722 2727 2721 	
1237	3		3		688 695 696 		2727 2750 2728 	
1238	3		3		688 696 689 		2728 2731 2726 	
1239	3		3		689 696 697 		2731 2755 2732 	
1240	3		3		689 697 690 		2732 2735 2730 	
1241	3		3		690 697 698 		2735 2759 2736 	
1242	3		3		690 698 691 		2736 2739 2734 	
1243	3		3		691 698 699 		2739 2763 2740 	
1244	3		3		691 699 692 		2740 2743 2738 	
1245	3		3		692 699 700 		2743 2767 2744 	
1246	3		3		692 700 693 		2744 2747 2742 	
1247	3		3		693 700 701 		2747 2771 2748 	
1248	3		3		693 701 694 		2748 2749 2746 	
1249	3		3		694 701 641 		2749 2552 2551 	
1250	3		3		694 641 633 		2551 2520 2523 	
1251	3		3		695 702 696 		2751 2756 2750 	
1252	3		3		696 702 703 		2756 2775 2757 	
1253	3		3		696 703 697 		2757 2760 2755 	
1254	3		3		697 703 704 		2760 2780 2761 	
1255	3		3		697 704 698 		2761 2764 2759 	
1256	3		3		698 704 705 		2764 2784 2765 	
1257	3		3		698 705 699 		2765 2768 2763 	
1258	3		3		699 705 706 		2768 2788 2769 	
1259	3		3		699 706 700 		2769 2772 2767 	
1260	3		3		700 706 707 		2772 2792 2773 	
1261	3		3		700 707 701 		2773 2774 2771 	
1262	3		3		701 707 648 		2774 2577 2576 	
1263	3		3		701 648 641 		2576 2549 2552 	
1264	3		3		702 708 703 		2776 2781 2775 	
1265	3		3		703 708 709 		2781 2796 2782 	
1266	3		3		703 709 704 		2782 2785 2780 	
1267	3		3		704 709 710 		2785 2801 2786 	
1268	3		3		704 710 705 		2786 2789 2784 	
1269	3		3		705 710 711 		2789 2805 2790 	
1270	3		3		705 711 706 		2790 2793 2788 	
1271	3		3		706 711 712 		2793 2809 2794 	
1272	3		3		706 712 707 		2794 2795 2792 	
1273	3		3		707 712 654 		2795 2598 2597 	
1274	3		3		707 654 648 		2597 2574 2577 	
1275	3		3		708 713 709 		2797 2802 2796 	
1276	3		3		709 713 714 		2802 2813 2803 	
1277	3		3		709 714 710 		2803 2806 2801 	
1278	3		3		710 714 715 		2806 2818 2807 	
1279	3		3		710 715 711 		2807 2810 2805 	
1280	3		3		711 715 716 		2810 2822 2811 	
1281	3		3		711 716 712 		2811 2812 2809 	
1282	3		3		712 716 659 		2812 2615 2614 	
1283	3		3		712 659 654 		2614 2595 2598 	
1284	3		3		713 717 714 		2814 2819 2813 	
1285	3		3		714 717 718 		2819 2826 2820 	
1286	3		3		714 718 715 		2820 2823 2818 	
1287	3		3		715 718 719 		2823 2831 2824 	
1288	3		3		715 719 716 		2824 2825 2822 	
1289	3		3		716 719 663 		2825 2628 2627 	
1290	3		3		716 663 659 		2627 2612 2615 	
1291	3		3		717 720 718 		2827 2832 2826 	
1292	3		3		718 720 721 		2832 2835 2833 	
1293	3		3		718 721 719 		2833 2834 2831 	
1294	3		3		719 721 666 		2834 2636 2635 	
1295	3		3		719 666 663 		2635 2625 2628 	
1296	3		3		720 722 721 		2836 2839 2835 	
1297	3		3		721 722 668 		2839 2639 2638 	
1298	3		3		721 668 666 		2638 2634 2636 	
1299	3		3		722 614 668 		2436 2435 2639 	
1300	3		3		496 732 723 		1961 2843 1960 	
1301	3		3		723 732 733 		2843 2890 2844 	
1302	3		3		723 733 724 		2844 2848 2842 	
1303	3		3		724 733 734 		2848 2895 2849 	
1304	3		3		724 734 725 		2849 2854 2847 	
1305	3		3		725 734 735 		2854 2899 2855 	
1306	3		3		725 735 726 		2855 2860 2853 	
1307	3		3		726 735 736 		2860 2903 2861 	
1308	3		3		726 736 727 		2861 2866 2859 	
1309	3		3		727 736 737 		2866 2907 2867 	
1310	3		3		727 737 728 		2867 2872 2865 	
1311	3		3		728 737 738 		2872 2911 2873 	
1312	3		3		728 738 729 		2873 2878 2871 	
1313	3		3		729 738 739 		2878 2915 2879 	
1314	3		3		729 739 730 		2879 2884 2877 	
1315	3		3		730 739 740 		2884 2919 2885 	
1316	3		3		730 740 731 		2885 2888 2883 	
1317	3		3		731 740 678 		2888 2692 2691 	
1318	3		3		731 678 441 		2691 1737 1739 	
1319	3		3		732 741 733 		2891 2896 2890 	
1320	3		3		733 741 742 		2896 2923 2897 	
1321	3		3		733 742 734 		2897 2900 2895 	
1322	3		3		734 742 743 		2900 2928 2901 	
1323	3		3		734 743 735 		2901 2904 2899 	
1324	3		3		735 743 744 		2904 2932 2905 	
1325	3		3		735 744 736 		2905 2908 2903 	
1326	3		3		736 744 745 		2908 2936 2909 	
1327	3		3		736 745 737 		2909 2912 2907 	
1328	3		3		737 745 746 		2912 2940 2913 	
1329	3		3		737 746 738 		2913 2916 2911 	
1330	3		3		738 746 747 		2916 2944 2917 	
1331	3		3		738 747 739 		2917 2920 2915 	
1332	3		3		739 747 748 		2920 2948 2921 	
1333	3		3		739 748 740 		2921 2922 2919 	
1334	3		3		740 748 687 		2922 2725 2724 	
1335	3		3		740 687 678 		2724 2689 2692 	
1336	3		3		741 749 742 		2924 2929 2923 	
1337	3		3		742 749 750 		2929 2952 2930 	
1338	3		3		742 750 743 		2930 2933 2928 	
1339	3		3		743 750 751 		2933 2957 2934 	
1340	3		3		743 751 744 		2934 2937 2932 	
1341	3		3		744 751 752 		2937 2961 2938 	
1342	3		3		744 752 745 		2938 2941 2936 	
1343	3		3		745 752 753 		2941 2965 2942 	
1344	3		3		745 753 746 		2942 2945 2940 	
1345	3		3		746 753 754 		2945 2969 2946 	
1346	3		3		746 754 747 		2946 2949 2944 	
1347	3		3		747 754 755 		2949 2973 2950 	
1348	3		3		747 755 748 		2950 2951 2948 	
1349	3		3		748 755 695 		2951 2754 2753 	
1350	3		3		748 695 687 		2753 2722 2725 	
1351	3		3		749 756 750 		2953 2958 2952 	
1352	3		3		750 756 757 		2958 2977 2959 	
1353	3		3		750 757 751 		2959 2962 2957 	
1354	3		3		751 757 758 		2962 2982 2963 	
1355	3		3		751 758 752 		2963 2966 2961 	
1356	3		3		752 758 759 		2966 2986 2967 	
1357	3		3		752 759 753 		2967 2970 2965 	
1358	3		3		753 759 760 		2970 2990 2971 	
1359	3		3		753 760 754 		2971 2974 2969 	
1360	3		3		754 760 761 		2974 2994 2975 	
1361	3		3		754 761 755 		2975 2976 2973 	
1362	3		3		755 761 702 		2976 2779 2778 	
1363	3		3		755 702 695 		2778 2751 2754 	
1364	3		3		756 762 757 		2978 2983 2977 	
1365	3		3		757 762 763 		2983 2998 2984 	
1366	3		3		757 763 758 		2984 2987 2982 	
1367	3		3		758 763 764 		2987 3003 2988 	
1368	3		3		758 764 759 		2988 2991 2986 	
1369	3		3		759 764 765 		2991 3007 2992 	
1370	3		3		759 765 760 		2992 2995 2990 	
1371	3		3		760 765 766 		2995 3011 2996 	
1372	3		3		760 766 761 		2996 2997 2994 	
1373	3		3		761 766 708 		2997 2800 2799 	
1374	3		3		761 708 702 		2799 2776 2779 	
1375	3		3		762 767 763 		2999 3004 2998 	
1376	3		3		763 767 768 		3004 3015 3005 	
1377	3		3		763 768 764 		3005 3008 3003 	
1378	3		3		764 768 769 		3008 3020 3009 	
1379	3		3		764 769 765 		3009 3012 3007 	
1380	3		3		765 769 770 		3012 3024 3013 	
1381	3		3		765 770 766 		3013 3014 3011 	
1382	3		3		766 770 713 		3014 2817 2816 	
1383	3		3		766 713 708 		2816 2797 2800 	
1384	3		3		767 771 768 		3016 3021 3015 	
1385	3		3		768 771 772 		3021 3028 3022 	
1386	3		3		768 772 769 		3022 3025 3020 	
1387	3		3		769 772 773 		3025 3033 3026 	
1388	3		3		769 773 770 		3026 3027 3024 	
1389	3		3		770 773 717 		3027 2830 2829 	
1390	3		3		770 717 713 		2829 2814 2817 	
1391	3		3		771 774 772 		3029 3034 3028 	
1392	3		3		772 774 775 		3034 3037 3035 	
1393	3		3		772 775 773 		3035 3036 3033 	
1394	3		3		773 775 720 		3036 2838 2837 	
1395	3		3		773 720 717 		2837 2827 2830 	
1396	3		3		774 776 775 		3038 3041 3037 	
1397	3		3		775 776 722 		3041 2841 2840 	
1398	3		3		775 722 720 		2840 2836 2838 	
1399	3		3		776 614 722 		2437 2436 2841 	
1400	3		3		276 569 777 		1064 2265 1065 	
1401	3		3		777 569 786 		2265 2266 3044 	
1402	3		3		777 786 778 		3044 3048 3043 	
1403	3		3		778 786 787 		3048 3090 3049 	
1404	3		3		778 787 779 		3049 3054 3047 	
1405	3		3		779 787 788 		3054 3093 3055 	
1406	3		3		779 788 780 		3055 3060 3053 	
1407	3		3		780 788 789 		3060 3097 3061 	
1408	3		3		780 789 781 		3061 3066 3059 	
1409	3		3		781 789 790 		3066 3101 3067 	
1410	3		3		781 790 782 		3067 3072 3065 	
1411	3		3		782 790 791 		3072 3105 3073 	
1412	3		3		782 791 783 		3073 3078 3071 	
1413	3		3		783 791 792 		3078 3109 3079 	
1414	3		3		783 792 784 		3079 3084 3077 	
1415	3		3		784 792 793 		3084 3113 3085 	
1416	3		3		784 793 785 		3085 3088 3083 	
1417	3		3		785 793 732 		3088 2894 2893 	
1418	3		3		785 732 496 		2893 1961 1963 	
1419	3		3		569 578 786 		2264 2300 2266 	
1420	3		3		786 578 794 		2300 2301 3091 	
1421	3		3		786 794 787 		3091 3094 3090 	
1422	3		3		787 794 795 		3094 3117 3095 	
1423	3		3		787 795 788 		3095 3098 3093 	
1424	3		3		788 795 796 		3098 3120 3099 	
1425	3		3		788 796 789 		3099 3102 3097 	
1426	3		3		789 796 797 		3102 3124 3103 	
1427	3		3		789 797 790 		3103 3106 3101 	
1428	3		3		790 797 798 		3106 3128 3107 	
1429	3		3		790 798 791 		3107 3110 3105 	
1430	3		3		791 798 799 		3110 3132 3111 	
1431	3		3		791 799 792 		3111 3114 3109 	
1432	3		3		792 799 800 		3114 3136 3115 	
1433	3		3		792 800 793 		3115 3116 3113 	
1434	3		3		793 800 741 		3116 2927 2926 	
1435	3		3		793 741 732 		2926 2891 2894 	
1436	3		3		578 586 794 		2299 2331 2301 	
1437	3		3		794 586 801 		2331 2332 3118 	
1438	3		3		794 801 795 		3118 3121 3117 	
1439	3		3		795 801 802 		3121 3140 3122 	
1440	3		3		795 802 796 		3122 3125 3120 	
1441	3		3		796 802 803 		3125 3143 3126 	
1442	3		3		796 803 797 		3126 3129 3124 	
1443	3		3		797 803 804 		3129 3147 3130 	
1444	3		3		797 804 798 		3130 3133 3128 	
1445	3		3		798 804 805 		3133 3151 3134 	
1446	3		3		798 805 799 		3134 3137 3132 	
1447	3		3		799 805 806 		3137 3155 3138 	
1448	3		3		799 806 800 		3138 3139 3136 	
1449	3		3		800 806 749 		3139 2956 2955 	
1450	3		3		800 749 741 		2955 2924 2927 	
1451	3		3		586 593 801 		2330 2358 2332 	
1452	3		3		801 593 807 		2358 2359 3141 	
1453	3		3		801 807 802 		3141 3144 3140 	
1454	3		3		802 807 808 		3144 3159 3145 	
1455	3		3		802 808 803 		3145 3148 3143 	
1456	3		3		803 808 809 		3148 3162 3149 	
1457	3		3		803 809 804 		3149 3152 3147 	
1458	3		3		804 809 810 		3152 3166 3153 	
1459	3		3		804 810 805 		3153 3156 3151 	
1460	3		3		805 810 811 		3156 3170 3157 	
1461	3		3		805 811 806 		3157 3158 3155 	
1462	3		3		806 811 756 		3158 2981 2980 	
1463	3		3		806 756 749 		2980 2953 2956 	
1464	3		3		593 599 807 		2357 2381 2359 	
1465	3		3		807 599 812 		2381 2382 3160 	
1466	3		3		807 812 808 		3160 3163 3159 	
1467	3		3		808 812 813 		3163 3174 3164 	
1468	3		3		808 813 809 		3164 3167 3162 	
1469	3		3		809 813 814 		3167 3177 3168 	
1470	3		3		809 814 810 		3168 3171 3166 	
1471	3		3		810 814 815 		3171 3181 3172 	
1472	3		3		810 815 811 		3172 3173 3170 	
1473	3		3		811 815 762 		3173 3002 3001 	
1474	3		3		811 762 756 		3001 2978 2981 	
1475	3		3		599 604 812 		2380 2400 2382 	
1476	3		3		812 604 816 		2400 2401 3175 	
1477	3		3		812 816 813 		3175 3178 3174 	
1478	3		3		813 816 817 		3178 3185 3179 	
1479	3		3		813 817 814 		3179 3182 3177 	
1480	3		3		814 817 818 		3182 3188 3183 	
1481	3		3		814 818 815 		3183 3184 3181 	
1482	3		3		815 818 767 		3184 3019 3018 	
1483	3		3		815 767 762 		3018 2999 3002 	
1484	3		3		604 608 816 		2399 2415 2401 	
1485	3		3		816 608 819 		2415 2416 3186 	
1486	3		3		816 819 817 		3186 3189 3185 	
1487	3		3		817 819 820 		3189 3192 3190 	
1488	3		3		817 820 818 		3190 3191 3188 	
1489	3		3		818 820 771 		3191 3032 3031 	
1490	3		3		818 771 767 		3031 3016 3019 	
1491	3		3		608 611 819 		2414 2426 2416 	
1492	3		3		819 611 821 		2426 2427 3193 	
1493	3		3		819 821 820 		3193 3194 3192 	
1494	3		3		820 821 774 		3194 3040 3039 	
1495	3		3		820 774 771 		3039 3029 3032 	
1496	3		3		611 613 821 		2425 2434 2427 	
1497	3		3		821 613 776 		2434 2433 3042 	
1498	3		3		821 776 774 		3042 3038 3040 	
1499	3		3		613 614 776 		2432 2437 2433 	
1500	3		3		0 385 285 		5 1121 4 	
1501	3		3		285 385 822 		1121 1507 1122 	
1502	3		3		285 822 284 		1122 1117 1114 	
1503	3		3		284 822 823 		1117 3195 1118 	
1504	3		3		284 823 283 		1118 1111 1107 	
1505	3		3		283 823 824 		1111 3198 1112 	
1506	3		3		283 824 282 		1112 1104 1100 	
1507	3		3		282 824 825 		1104 3202 1105 	
1508	3		3		282 825 281 		1105 1097 1093 	
1509	3		3		281 825 826 		1097 3206 1098 	
1510	3		3		281 826 280 		1098 1090 1086 	
1511	3		3		280 826 827 		1090 3210 1091 	
1512	3		3		280 827 279 		1091 1083 1079 	
1513	3		3		279 827 828 		1083 3214 1084 	
1514	3		3		279 828 278 		1084 1077 1073 	
1515	3		3		278 828 829 		1077 3218 1078 	
1516	3		3		278 829 277 		1078 1072 1067 	
1517	3		3		277 829 559 		1072 2228 1071 	
1518	3		3		277 559 276 		1071 1063 1060 	
1519	3		3		385 383 822 		1502 1503 1507 	
1520	3		3		822 383 830 		1503 1504 3196 	
1521	3		3		822 830 823 		3196 3199 3195 	
1522	3		3		823 830 831 		3199 3222 3200 	
1523	3		3		823 831 824 		3200 3203 3198 	
1524	3		3		824 831 832 		3203 3225 3204 	
1525	3		3		824 832 825 		3204 3207 3202 	
1526	3		3		825 832 833 		3207 3229 3208 	
1527	3		3		825 833 826 		3208 3211 3206 	
1528	3		3		826 833 834 		3211 3233 3212 	
1529	3		3		826 834 827 		3212 3215 3210 	
1530	3		3		827 834 835 		3215 3237 3216 	
1531	3		3		827 835 828 		3216 3219 3214 	
1532	3		3		828 835 836 		3219 3241 3220 	
1533	3		3		828 836 829 		3220 3221 3218 	
1534	3		3		829 836 558 		3221 2225 2224 	
1535	3		3		829 558 559 		2224 2221 2228 	
1536	3		3		383 380 830 		1492 1494 1504 	
1537	3		3		830 380 837 		1494 1495 3223 	
1538	3		3		830 837 831 		3223 3226 3222 	
1539	3		3		831 837 838 		3226 3245 3227 	
1540	3		3		831 838 832 		3227 3230 3225 	
1541	3		3		832 838 839 		3230 3248 3231 	
1542	3		3		832 839 833 		3231 3234 3229 	
1543	3		3		833 839 840 		3234 3252 3235 	
1544	3		3		833 840 834 		3235 3238 3233 	
1545	3		3		834 840 841 		3238 3256 3239 	
1546	3		3		834 841 835 		3239 3242 3237 	
1547	3		3		835 841 842 		3242 3260 3243 	
1548	3		3		835 842 836 		3243 3244 3241 	
1549	3		3		836 842 557 		3244 2220 2219 	
1550	3		3		836 557 558 		2219 2215 2225 	
1551	3		3		380 376 837 		1478 1480 1495 	
1552	3		3		837 376 843 		1480 1481 3246 	
1553	3		3		837 843 838 		3246 3249 3245 	
1554	3		3		838 843 844 		3249 3264 3250 	
1555	3		3		838 844 839 		3250 3253 3248 	
1556	3		3		839 844 845 		3253 3267 3254 	
1557	3		3		839 845 840 		3254 3257 3252 	
1558	3		3		840 845 846 		3257 3271 3258 	
1559	3		3		840 846 841 		3258 3261 3256 	
1560	3		3		841 846 847 		3261 3275 3262 	
1561	3		3		841 847 842 		3262 3263 3260 	
1562	3		3		842 847 556 		3263 2214 2213 	
1563	3		3		842 556 557 		2213 2209 2220 	
1564	3		3		376 371 843 		1460 1462 1481 	
1565	3		3		843 371 848 		1462 1463 3265 	
1566	3		3		843 848 844 		3265 3268 3264 	
1567	3		3		844 848 849 		3268 3279 3269 	
1568	3		3		844 849 845 		3269 3272 3267 	
1569	3		3		845 849 850 		3272 3282 3273 	
1570	3		3		845 850 846 		3273 3276 3271 	
1571	3		3		846 850 851 		3276 3286 3277 	
1572	3		3		846 851 847 		3277 3278 3275 	
1573	3		3		847 851 555 		3278 2208 2207 	
1574	3		3		847 555 556 		2207 2203 2214 	
1575	3		3		371 365 848 		1438 1440 1463 	
1576	3		3		848 365 852 		1440 1441 3280 	
1577	3		3		848 852 849 		3280 3283 3279 	
1578	3		3		849 852 853 		3283 3290 3284 	
1579	3		3		849 853 850 		3284 3287 3282 	
1580	3		3		850 853 854 		3287 3293 3288 	
1581	3		3		850 854 851 		3288 3289 3286 	
1582	3		3		851 854 554 		3289 2202 2201 	
1583	3		3		851 554 555 		2201 2197 2208 	
1584	3		3		365 358 852 		1412 1414 1441 	
1585	3		3		852 358 855 		1414 1415 3291 	
1586	3		3		852 855 853 		3291 3294 3290 	
1587	3		3		853 855 856 		3294 3297 3295 	
1588	3		3		853 856 854 		3295 3296 3293 	
1589	3		3		854 856 553 		3296 2196 2195 	
1590	3		3		854 553 554 		2195 2191 2202 	
1591	3		3		358 350 855 		1383 1385 1415 	
1592	3		3		855 350 857 		1385 1386 3298 	
1593	3		3		855 857 856 		3298 3299 3297 	
1594	3		3		856 857 552 		3299 2190 2189 	
1595	3		3		856 552 553 		2189 2185 2196 	
1596	3		3		350 341 857 		1350 1353 1386 	
1597	3		3		857 341 551 		1353 1352 2184 	
1598	3		3		857 551 552 		2184 2180 2190 	
1599	3		3		341 331 551 		1286 1288 1352 	
1600	3		3		10 440 340 		63 1346 62 	
1601	3		3		340 440 858 		1346 1731 1347 	
1602	3		3		340 858 339 		1347 1342 1339 	
1603	3		3		339 858 859 		1342 3300 1343 	
1604	3		3		339 859 338 		1343 1336 1332 	
1605	3		3		338 859 860 		1336 3303 1337 	
1606	3		3		338 860 337 		1337 1329 1325 	
1607	3		3		337 860 861 		1329 3307 1330 	
1608	3		3		337 861 336 		1330 1322 1318 	
1609	3		3		336 861 862 		1322 3311 1323 	
1610	3		3		336 862 335 		1323 1315 1311 	
1611	3		3		335 862 863 		1315 3315 1316 	
1612	3		3		335 863 334 		1316 1308 1304 	
1613	3		3		334 863 864 		1308 3319 1309 	
1614	3		3		334 864 333 		1309 1302 1298 	
1615	3		3		333 864 865 		1302 3323 1303 	
1616	3		3		333 865 332 		1303 1297 1292 	
1617	3		3		332 865 623 		1297 2485 1296 	
1618	3		3		332 623 331 		1296 1291 1285 	
1619	3		3		440 438 858 		1726 1727 1731 	
1620	3		3		858 438 866 		1727 1728 3301 	
1621	3		3		858 866 859 		3301 3304 3300 	
1622	3		3		859 866 867 		3304 3327 3305 	
1623	3		3		859 867 860 		3305 3308 3303 	
1624	3		3		860 867 868 		3308 3330 3309 	
1625	3		3		860 868 861 		3309 3312 3307 	
1626	3		3		861 868 869 		3312 3334 3313 	
1627	3		3		861 869 862 		3313 3316 3311 	
1628	3		3		862 869 870 		3316 3338 3317 	
1629	3		3		862 870 863 		3317 3320 3315 	
1630	3		3		863 870 871 		3320 3342 3321 	
1631	3		3		863 871 864 		3321 3324 3319 	
1632	3		3		864 871 872 		3324 3346 3325 	
1633	3		3		864 872 865 		3325 3326 3323 	
1634	3		3		865 872 622 		3326 2483 2482 	
1635	3		3		865 622 623 		2482 2479 2485 	
1636	3		3		438 435 866 		1716 1718 1728 	
1637	3		3		866 435 873 		1718 1719 3328 	
1638	3		3		866 873 867 		3328 3331 3327 	
1639	3		3		867 873 874 		3331 3350 3332 	
1640	3		3		867 874 868 		3332 3335 3330 	
1641	3		3		868 874 875 		3335 3353 3336 	
1642	3		3		868 875 869 		3336 3339 3334 	
1643	3		3		869 875 876 		3339 3357 3340 	
1644	3		3		869 876 870 		3340 3343 3338 	
1645	3		3		870 876 877 		3343 3361 3344 	
1646	3		3		870 877 871 		3344 3347 3342 	
1647	3		3		871 877 878 		3347 3365 3348 	
1648	3		3		871 878 872 		3348 3349 3346 	
1649	3		3		872 878 621 		3349 2478 2477 	
1650	3		3		872 621 622 		2477 2473 2483 	
1651	3		3		435 431 873 		1702 1704 1719 	
1652	3		3		873 431 879 		1704 1705 3351 	
1653	3		3		873 879 874 		3351 3354 3350 	
1654	3		3		874 879 880 		3354 3369 3355 	
1655	3		3		874 880 875 		3355 3358 3353 	
1656	3		3		875 880 881 		3358 3372 3359 	
1657	3		3		875 881 876 		3359 3362 3357 	
1658	3		3		876 881 882 		3362 3376 3363 	
1659	3		3		876 882 877 		3363 3366 3361 	
1660	3		3		877 882 883 		3366 3380 3367 	
1661	3		3		877 883 878 		3367 3368 3365 	
1662	3		3		878 883 620 		3368 2472 2471 	
1663	3		3		878 620 621 		2471 2467 2478 	
1664	3		3		431 426 879 		1684 1686 1705 	
1665	3		3		879 426 884 		1686 1687 3370 	
1666	3		3		879 884 880 		3370 3373 3369 	
1667	3		3		880 884 885 		3373 3384 3374 	
1668	3		3		880 885 881 		3374 3377 3372 	
1669	3		3		881 885 886 		3377 3387 3378 	
1670	3		3		881 886 882 		3378 3381 3376 	
1671	3		3		882 886 887 		3381 3391 3382 	
1672	3		3		882 887 883 		3382 3383 3380 	
1673	3		3		883 887 619 		3383 2466 2465 	
1674	3		3		883 619 620 		2465 2461 2472 	
1675	3		3		426 420 884 		1662 1664 1687 	
1676	3		3		884 420 888 		1664 1665 3385 	
1677	3		3		884 888 885 		3385 3388 3384 	
1678	3		3		885 888 889 		3388 3395 3389 	
1679	3		3		885 889 886 		3389 3392 3387 	
1680	3		3		886 889 890 		3392 3398 3393 	
1681	3		3		886 890 887 		3393 3394 3391 	
1682	3		3		887 890 618 		3394 2460 2459 	
1683	3		3		887 618 619 		2459 2455 2466 	
1684	3		3		420 413 888 		1636 1638 1665 	
1685	3		3		888 413 891 		1638 1639 3396 	
1686	3		3		888 891 889 		3396 3399 3395 	
1687	3		3		889 891 892 		3399 3402 3400 	
1688	3		3		889 892 890 		3400 3401 3398 	
1689	3		3		890 892 617 		3401 2454 2453 	
1690	3		3		890 617 618 		2453 2449 2460 	
1691	3		3		413 405 891 		1607 1609 1639 	
1692	3		3		891 405 893 		1609 1610 3403 	
1693	3		3		891 893 892 		3403 3404 3402 	
1694	3		3		892 893 616 		3404 2448 2447 	
1695	3		3		892 616 617 		2447 2443 2454 	
1696	3		3		405 396 893 		1574 1577 1610 	
1697	3		3		893 396 615 		1577 1576 2442 	
1698	3		3		893 615 616 		2442 2438 2448 	
1699	3		3		396 386 615 		1510 1512 1576 	
1700	3		3		176 495 395 		701 1570 700 	
1701	3		3		395 495 894 		1570 1955 1571 	
1702	3		3		395 894 394 		1571 1566 1563 	
1703	3		3		394 894 895 		1566 3405 1567 	
1704	3		3		394 895 393 		1567 1560 1556 	
1705	3		3		393 895 896 		1560 3408 1561 	
1706	3		3		393 896 392 		1561 1553 1549 	
1707	3		3		392 896 897 		1553 3412 1554 	
1708	3		3		392 897 391 		1554 1546 1542 	
1709	3		3		391 897 898 		1546 3416 1547 	
1710	3		3		391 898 390 		1547 1539 1535 	
1711	3		3		390 898 899 		1539 3420 1540 	
1712	3		3		390 899 389 		1540 1532 1528 	
1713	3		3		389 899 900 		1532 3424 1533 	
1714	3		3		389 900 388 		1533 1526 1522 	
1715	3		3		388 900 901 		1526 3428 1527 	
1716	3		3		388 901 387 		1527 1521 1516 	
1717	3		3		387 901 677 		1521 2687 1520 	
1718	3		3		387 677 386 		1520 1515 1509 	
1719	3		3		495 493 894 		1950 1951 1955 	
1720	3		3		894 493 902 		1951 1952 3406 	
1721	3		3		894 902 895 		3406 3409 3405 	
1722	3		3		895 902 903 		3409 3432 3410 	
1723	3		3		895 903 896 		3410 3413 3408 	
1724	3		3		896 903 904 		3413 3435 3414 	
1725	3		3		896 904 897 		3414 3417 3412 	
1726	3		3		897 904 905 		3417 3439 3418 	
1727	3		3		897 905 898 		3418 3421 3416 	
1728	3		3		898 905 906 		3421 3443 3422 	
1729	3		3		898 906 899 		3422 3425 3420 	
1730	3		3		899 906 907 		3425 3447 3426 	
1731	3		3		899 907 900 		3426 3429 3424 	
1732	3		3		900 907 908 		3429 3451 3430 	
1733	3		3		900 908 901 		3430 3431 3428 	
1734	3		3		901 908 676 		3431 2685 2684 	
1735	3		3		901 676 677 		2684 2681 2687 	
1736	3		3		493 490 902 		1940 1942 1952 	
1737	3		3		902 490 909 		1942 1943 3433 	
1738	3		3		902 909 903 		3433 3436 3432 	
1739	3		3		903 909 910 		3436 3455 3437 	
1740	3		3		903 910 904 		3437 3440 3435 	
1741	3		3		904 910 911 		3440 3458 3441 	
1742	3		3		904 911 905 		3441 3444 3439 	
1743	3		3		905 911 912 		3444 3462 3445 	
1744	3		3		905 912 906 		3445 3448 3443 	
1745	3		3		906 912 913 		3448 3466 3449 	
1746	3		3		906 913 907 		3449 3452 3447 	
1747	3		3		907 913 914 		3452 3470 3453 	
1748	3		3		907 914 908 		3453 3454 3451 	
1749	3		3		908 914 675 		3454 2680 2679 	
1750	3		3		908 675 676 		2679 2675 2685 	
1751	3		3		490 486 909 		1926 1928 1943 	
1752	3		3		909 486 915 		1928 1929 3456 	
1753	3		3		909 915 910 		3456 3459 3455 	
1754	3		3		910 915 916 		3459 3474 3460 	
1755	3		3		910 916 911 		3460 3463 3458 	
1756	3		3		911 916 917 		3463 3477 3464 	
1757	3		3		911 917 912 		3464 3467 3462 	
1758	3		3		912 917 918 		3467 3481 3468 	
1759	3		3		912 918 913 		3468 3471 3466 	
1760	3		3		913 918 919 		3471 3485 3472 	
1761	3		3		913 919 914 		3472 3473 3470 	
1762	3		3		914 919 674 		3473 2674 2673 	
1763	3		3		914 674 675 		2673 2669 2680 	
1764	3		3		486 481 915 		1908 1910 1929 	
1765	3		3		915 481 920 		1910 1911 3475 	
1766	3		3		915 920 916 		3475 3478 3474 	
1767	3		3		916 920 921 		3478 3489 3479 	
1768	3		3		916 921 917 		3479 3482 3477 	
1769	3		3		917 921 922 		3482 3492 3483 	
1770	3		3		917 922 918 		3483 3486 3481 	
1771	3		3		918 922 923 		3486 3496 3487 	
1772	3		3		918 923 919 		3487 3488 3485 	
1773	3		3		919 923 673 		3488 2668 2667 	
1774	3		3		919 673 674 		2667 2663 2674 	
1775	3		3		481 475 920 		1886 1888 1911 	
1776	3		3		920 475 924 		1888 1889 3490 	
1777	3		3		920 924 921 		3490 3493 3489 	
1778	3		3		921 924 925 		3493 3500 3494 	
1779	3		3		921 925 922 		3494 3497 3492 	
1780	3		3		922 925 926 		3497 3503 3498 	
1781	3		3		922 926 923 		3498 3499 3496 	
1782	3		3		923 926 672 		3499 2662 2661 	
1783	3		3		923 672 673 		2661 2657 2668 	
1784	3		3		475 468 924 		1860 1862 1889 	
1785	3		3		924 468 927 		1862 1863 3501 	
1786	3		3		924 927 925 		3501 3504 3500 	
1787	3		3		925 927 928 		3504 3507 3505 	
1788	3		3		925 928 926 		3505 3506 3503 	
1789	3		3		926 928 671 		3506 2656 2655 	
1790	3		3		926 671 672 		2655 2651 2662 	
1791	3		3		468 460 927 		1831 1833 1863 	
1792	3		3		927 460 929 		1833 1834 3508 	
1793	3		3		927 929 928 		3508 3509 3507 	
1794	3		3		928 929 670 		3509 2650 2649 	
1795	3		3		928 670 671 		2649 2645 2656 	
1796	3		3		460 451 929 		1798 1801 1834 	
1797	3		3		929 451 669 		1801 1800 2644 	
1798	3		3		929 669 670 		2644 2640 2650 	
1799	3		3		451 441 669 		1734 1736 1800 	
1800	3		3		121 550 450 		490 1794 489 	
1801	3		3		450 550 930 		1794 2178 1795 	
1802	3		3		450 930 449 		1795 1790 1787 	
1803	3		3		449 930 931 		1790 3510 1791 	
1804	3		3		449 931 448 		1791 1784 1780 	
1805	3		3		448 931 932 		1784 3513 1785 	
1806	3		3		448 932 447 		1785 1777 1773 	
1807	3		3		447 932 933 		1777 3517 1778 	
1808	3		3		447 933 446 		1778 1770 1766 	
1809	3		3		446 933 934 		1770 3521 1771 	
1810	3		3		446 934 445 		1771 1763 1759 	
1811	3		3		445 934 935 		1763 3525 1764 	
1812	3		3		445 935 444 		1764 1756 1752 	
1813	3		3		444 935 936 		1756 3529 1757 	
1814	3		3		444 936 443 		1757 1750 1746 	
1815	3		3		443 936 937 		1750 3533 1751 	
1816	3		3		443 937 442 		1751 1745 1740 	
1817	3		3		442 937 731 		1745 2889 1744 	
1818	3		3		442 731 441 		1744 1739 1733 	
1819	3		3		550 548 930 		2173 2174 2178 	
1820	3		3		930 548 938 		2174 2175 3511 	
1821	3		3		930 938 931 		3511 3514 3510 	
1822	3		3		931 938 939 		3514 3537 3515 	
1823	3		3		931 939 932 		3515 3518 3513 	
1824	3		3		932 939 940 		3518 3540 3519 	
1825	3		3		932 940 933 		3519 3522 3517 	
1826	3		3		933 940 941 		3522 3544 3523 	
1827	3		3		933 941 934 		3523 3526 3521 	
1828	3		3		934 941 942 		3526 3548 3527 	
1829	3		3		934 942 935 		3527 3530 3525 	
1830	3		3		935 942 943 		3530 3552 3531 	
1831	3		3		935 943 936 		3531 3534 3529 	
1832	3		3		936 943 944 		3534 3556 3535 	
1833	3		3		936 944 937 		3535 3536 3533 	
1834	3		3		937 944 730 		3536 2887 2886 	
1835	3		3		937 730 731 		2886 2883 2889 	
1836	3		3		548 545 938 		2163 2165 2175 	
1837	3		3		938 545 945 		2165 2166 3538 	
1838	3		3		938 945 939 		3538 3541 3537 	
1839	3		3		939 945 946 		3541 3560 3542 	
1840	3		3		939 946 940 		3542 3545 3540 	
1841	3		3		940 946 947 		3545 3563 3546 	
1842	3		3		940 947 941 		3546 3549 3544 	
1843	3		3		941 947 948 		3549 3567 3550 	
1844	3		3		941 948 942 		3550 3553 3548 	
1845	3		3		942 948 949 		3553 3571 3554 	
1846	3		3		942 949 943 		3554 3557 3552 	
1847	3		3		943 949 950 		3557 3575 3558 	
1848	3		3		943 950 944 		3558 3559 3556 	
1849	3		3		944 950 729 		3559 2882 2881 	
1850	3		3		944 729 730 		2881 2877 2887 	
1851	3		3		545 541 945 		2149 2151 2166 	
1852	3		3		945 541 951 		2151 2152 3561 	
1853	3		3		945 951 946 		3561 3564 3560 	
1854	3		3		946 951 952 		3564 3579 3565 	
1855	3		3		946 952 947 		3565 3568 3563 	
1856	3		3		947 952 953 		3568 3582 3569 	
1857	3		3		947 953 948 		3569 3572 3567 	
1858	3		3		948 953 954 		3572 3586 3573 	
1859	3		3		948 954 949 		3573 3576 3571 	
1860	3		3		949 954 955 		3576 3590 3577 	
1861	3		3		949 955 950 		3577 3578 3575 	
1862	3		3		950 955 728 		3578 2876 2875 	
1863	3		3		950 728 729 		2875 2871 2882 	
1864	3		3		541 536 951 		2131 2133 2152 	
1865	3		3		951 536 956 		2133 2134 3580 	
1866	3		3		951 956 952 		3580 3583 3579 	
1867	3		3		952 956 957 		3583 3594 3584 	
1868	3		3		952 957 953 		3584 3587 3582 	
1869	3		3		953 957 958 		3587 3597 3588 	
1870	3		3		953 958 954 		3588 3591 3586 	
1871	3		3		954 958 959 		3591 3601 3592 	
1872	3		3		954 959 955 		3592 3593 3590 	
1873	3		3		955 959 727 		3593 2870 2869 	
1874	3		3		955 727 728 		2869 2865 2876 	
1875	3		3		536 530 956 		2109 2111 2134 	
1876	3		3		956 530 960 		2111 2112 3595 	
1877	3		3		956 960 957 		3595 3598 3594 	
1878	3		3		957 960 961 		3598 3605 3599 	
1879	3		3		957 961 958 		3599 3602 3597 	
1880	3		3		958 961 962 		3602 3608 3603 	
1881	3		3		958 962 959 		3603 3604 3601 	
1882	3		3		959 962 726 		3604 2864 2863 	
1883	3		3		959 726 727 		2863 2859 2870 	
1884	3		3		530 523 960 		2083 2085 2112 	
1885	3		3		960 523 963 		2085 2086 3606 	
1886	3		3		960 963 961 		3606 3609 3605 	
1887	3		3		961 963 964 		3609 3612 3610 	
1888	3		3		961 964 962 		3610 3611 3608 	
1889	3		3		962 964 725 		3611 2858 2857 	
1890	3		3		962 725 726 		2857 2853 2864 	
1891	3		3		523 515 963 		2054 2056 2086 	
1892	3		3		963 515 965 		2056 2057 3613 	
1893	3		3		963 965 964 		3613 3614 3612 	
1894	3		3		964 965 724 		3614 2852 2851 	
1895	3		3		964 724 725 		2851 2847 2858 	
1896	3		3		515 506 965 		2021 2024 2057 	
1897	3		3		965 506 723 		2024 2023 2846 	
1898	3		3		965 723 724 		2846 2842 2852 	
1899	3		3		506 496 723 		1958 1960 2023 	
1900	3		3		66 330 505 		278 1282 279 	
1901	3		3		505 330 966 		1282 1283 2018 	
1902	3		3		505 966 504 		2018 2014 2011 	
1903	3		3		504 966 967 		2014 3615 2015 	
1904	3		3		504 967 503 		2015 2008 2004 	
1905	3		3		503 967 968 		2008 3618 2009 	
1906	3		3		503 968 502 		2009 2001 1997 	
1907	3		3		502 968 969 		2001 3622 2002 	
1908	3		3		502 969 501 		2002 1994 1990 	
1909	3		3		501 969 970 		1994 3626 1995 	
1910	3		3		501 970 500 		1995 1987 1983 	
1911	3		3		500 970 971 		1987 3630 1988 	
1912	3		3		500 971 499 		1988 1980 1976 	
1913	3		3		499 971 972 		1980 3634 1981 	
1914	3		3		499 972 498 		1981 1974 1970 	
1915	3		3		498 972 973 		1974 3638 1975 	
1916	3		3		498 973 497 		1975 1969 1964 	
1917	3		3		497 973 785 		1969 3089 1968 	
1918	3		3		497 785 496 		1968 1963 1957 	
1919	3		3		330 328 966 		1277 1278 1283 	
1920	3		3		966 328 974 		1278 1279 3616 	
1921	3		3		966 974 967 		3616 3619 3615 	
1922	3		3		967 974 975 		3619 3642 3620 	
1923	3		3		967 975 968 		3620 3623 3618 	
1924	3		3		968 975 976 		3623 3645 3624 	
1925	3		3		968 976 969 		3624 3627 3622 	
1926	3		3		969 976 977 		3627 3649 3628 	
1927	3		3		969 977 970 		3628 3631 3626 	
1928	3		3		970 977 978 		3631 3653 3632 	
1929	3		3		970 978 971 		3632 3635 3630 	
1930	3		3		971 978 979 		3635 3657 3636 	
1931	3		3		971 979 972 		3636 3639 3634 	
1932	3		3		972 979 980 		3639 3661 3640 	
1933	3		3		972 980 973 		3640 3641 3638 	
1934	3		3		973 980 784 		3641 3087 3086 	
1935	3		3		973 784 785 		3086 3083 3089 	
1936	3		3		328 325 974 		1267 1269 1279 	
1937	3		3		974 325 981 		1269 1270 3643 	
1938	3		3		974 981 975 		3643 3646 3642 	
1939	3		3		975 981 982 		3646 3665 3647 	
1940	3		3		975 982 976 		3647 3650 3645 	
1941	3		3		976 982 983 		3650 3668 3651 	
1942	3		3		976 983 977 		3651 3654 3649 	
1943	3		3		977 983 984 		3654 3672 3655 	
1944	3		3		977 984 978 		3655 3658 3653 	
1945	3		3		978 984 985 		3658 3676 3659 	
1946	3		3		978 985 979 		3659 3662 3657 	
1947	3		3		979 985 986 		3662 3680 3663 	
1948	3		3		979 986 980 		3663 3664 3661 	
1949	3		3		980 986 783 		3664 3082 3081 	
1950	3		3		980 783 784 		3081 3077 3087 	
1951	3		3		325 321 981 		1253 1255 1270 	
1952	3		3		981 321 987 		1255 1256 3666 	
1953	3		3		981 987 982 		3666 3669 3665 	
1954	3		3		982 987 988 		3669 3684 3670 	
1955	3		3		982 988 983 		3670 3673 3668 	
1956	3		3		983 988 989 		3673 3687 3674 	
1957	3		3		983 989 984 		3674 3677 3672 	
1958	3		3		984 989 990 		3677 3691 3678 	
1959	3		3		984 990 985 		3678 3681 3676 	
1960	3		3		985 990 991 		3681 3695 3682 	
1961	3		3		985 991 986 		3682 3683 3680 	
1962	3		3		986 991 782 		3683 3076 3075 	
1963	3		3		986 782 783 		3075 3071 3082 	
1964	3		3		321 316 987 		1235 1237 1256 	
1965	3		3		987 316 992 		1237 1238 3685 	
1966	3		3		987 992 988 		3685 3688 3684 	
1967	3		3		988 992 993 		3688 3699 3689 	
1968	3		3		988 993 989 		3689 3692 3687 	
1969	3		3		989 993 994 		3692 3702 3693 	
1970	3		3		989 994 990 		3693 3696 3691 	
1971	3		3		990 994 995 		3696 3706 3697 	
1972	3		3		990 995 991 		3697 3698 3695 	
1973	3		3		991 995 781 		3698 3070 3069 	
1974	3		3		991 781 782 		3069 3065 3076 	
1975	3		3		316 310 992 		1213 1215 1238 	
1976	3		3		992 310 996 		1215 1216 3700 	
1977	3		3		992 996 993 		3700 3703 3699 	
1978	3		3		993 996 997 		3703 3710 3704 	
1979	3		3		993 997 994 		3704 3707 3702 	
1980	3		3		994 997 998 		3707 3713 3708 	
1981	3		3		994 998 995 		3708 3709 3706 	
1982	3		3		995 998 780 		3709 3064 3063 	
1983	3		3		995 780 781 		3063 3059 3070 	
1984	3		3		310 303 996 		1187 1189 1216 	
1985	3		3		996 303 999 		1189 1190 3711 	
1986	3		3		996 999 997 		3711 3714 3710 	
1987	3		3		997 999 1000 		3714 3717 3715 	
1988	3		3		997 1000 998 		3715 3716 3713 	
1989	3		3		998 1000 779 		3716 3058 3057 	
1990	3		3		998 779 780 		3057 3053 3064 	
1991	3		3		303 295 999 		1158 1160 1190 	
1992	3		3		999 295 1001 		1160 1161 3718 	
1993	3		3		999 1001 1000 		3718 3719 3717 	
1994	3		3		1000 1001 778 		3719 3052 3051 	
1995	3		3		1000 778 779 		3051 3047 3058 	
1996	3		3		295 286 1001 		1125 1128 1161 	
1997	3		3		1001 286 777 		1128 1127 3046 	
1998	3		3		1001 777 778 		3046 3043 3052 	
1999	3		3		286 276 777 		1061 1065 1127 	
