ID	x	y	z
0	-0.816497	0.408248	-0.408248
1	-0.737865	0.527046	-0.421637
2	-0.639602	0.639602	-0.426401
3	-0.527046	0.737865	-0.421637
4	-0.408248	0.816497	-0.408248
5	-0.764957	0.455434	-0.455434
6	-0.676339	0.570895	-0.465451
7	-0.570895	0.676339	-0.465451
8	-0.455434	0.764957	-0.455434
9	-0.707107	0.5	-0.5
10	-0.610131	0.610131	-0.505449
11	-0.5	0.707107	-0.5
12	-0.644081	0.540907	-0.540907
13	-0.540907	0.644081	-0.540907
14	-0.57735	0.57735	-0.57735
15	-0.707107	0.707107	0
16	-0.648903	0.75363	-0.104727
17	-0.57735	0.788675	-0.211325
18	-0.495572	0.809752	-0.31418
19	-0.75363	0.648903	-0.104727
20	-0.690768	0.690768	-0.213724
21	-0.613916	0.721019	-0.321307
22	-0.788675	0.57735	-0.211325
23	-0.721019	0.613916	-0.321307
24	-0.809752	0.495572	-0.31418
25	-1	0	0
26	-0.98229	0.187366	0
27	-0.92388	0.382683	0
28	-0.827072	0.562097	0
29	-0.98875	0.105766	-0.105766
30	-0.947614	0.299956	-0.109792
31	-0.86575	0.488374	-0.1094
32	-0.953021	0.214186	-0.214186
33	-0.888114	0.405118	-0.217102
34	-0.893669	0.317298	-0.317298
35	-0.707107	0	0.707107
36	-0.784465	0.196116	0.588348
37	-0.816497	0.408248	0.408248
38	-0.784465	0.588348	0.196116
39	-0.827072	0	0.562097
40	-0.892074	0.202091	0.404182
41	-0.892074	0.404182	0.202091
42	-0.92388	0	0.382683
43	-0.959683	0.198757	0.198757
44	-0.98229	0	0.187366
45	-0.816497	-0.408248	0.408248
46	-0.809752	-0.31418	0.495572
47	-0.788675	-0.211325	0.57735
48	-0.75363	-0.104727	0.648903
49	-0.893669	-0.317298	0.317298
50	-0.888114	-0.217102	0.405118
51	-0.86575	-0.1094	0.488374
52	-0.953021	-0.214186	0.214186
53	-0.947614	-0.109792	0.299956
54	-0.98875	-0.105766	0.105766
55	-0.408248	-0.408248	0.816497
56	-0.495572	-0.31418	0.809752
57	-0.57735	-0.211325	0.788675
58	-0.648903	-0.104727	0.75363
59	-0.527046	-0.421637	0.737865
60	-0.613916	-0.321307	0.721019
61	-0.690768	-0.213724	0.690768
62	-0.639602	-0.426401	0.639602
63	-0.721019	-0.321307	0.613916
64	-0.737865	-0.421637	0.527046
65	-0.57735	-0.57735	0.57735
66	-0.540907	-0.540907	0.644081
67	-0.5	-0.5	0.707107
68	-0.455434	-0.455434	0.764957
69	-0.644081	-0.540907	0.540907
70	-0.610131	-0.505449	0.610131
71	-0.570895	-0.465451	0.676339
72	-0.707107	-0.5	0.5
73	-0.676339	-0.465451	0.570895
74	-0.764957	-0.455434	0.455434
75	-0.562097	0.827072	0
76	-0.382683	0.92388	0
77	-0.187366	0.98229	0
78	0	1	0
79	-0.488374	0.86575	-0.1094
80	-0.299956	0.947614	-0.109792
81	-0.105766	0.98875	-0.105766
82	-0.405118	0.888114	-0.217102
83	-0.214186	0.953021	-0.214186
84	-0.317298	0.893669	-0.317298
85	0	0.707107	0.707107
86	0	0.827072	0.562097
87	0	0.92388	0.382683
88	0	0.98229	0.187366
89	-0.196116	0.784465	0.588348
90	-0.202091	0.892074	0.404182
91	-0.198757	0.959683	0.198757
92	-0.408248	0.816497	0.408248
93	-0.404182	0.892074	0.202091
94	-0.588348	0.784465	0.196116
95	-0.588348	0.196116	0.784465
96	-0.408248	0.408248	0.816497
97	-0.196116	0.588348	0.784465
98	-0.639602	0.426401	0.639602
99	-0.426401	0.639602	0.639602
100	-0.639602	0.639602	0.426401
101	0	0	1
102	0	0.187366	0.98229
103	0	0.382683	0.92388
104	0	0.562097	0.827072
105	-0.187366	0	0.98229
106	-0.198757	0.198757	0.959683
107	-0.202091	0.404182	0.892074
108	-0.382683	0	0.92388
109	-0.404182	0.202091	0.892074
110	-0.562097	0	0.827072
111	-0.317298	-0.317298	0.893669
112	-0.214186	-0.214186	0.953021
113	-0.105766	-0.105766	0.98875
114	-0.405118	-0.217102	0.888114
115	-0.299956	-0.109792	0.947614
116	-0.488374	-0.1094	0.86575
117	0.104727	0.75363	0.648903
118	0.211325	0.788675	0.57735
119	0.31418	0.809752	0.495572
120	0.408248	0.816497	0.408248
121	0.1094	0.86575	0.488374
122	0.217102	0.888114	0.405118
123	0.317298	0.893669	0.317298
124	0.109792	0.947614	0.299956
125	0.214186	0.953021	0.214186
126	0.105766	0.98875	0.105766
127	0.408248	0.408248	0.816497
128	0.421637	0.527046	0.737865
129	0.426401	0.639602	0.639602
130	0.421637	0.737865	0.527046
131	0.31418	0.495572	0.809752
132	0.321307	0.613916	0.721019
133	0.321307	0.721019	0.613916
134	0.211325	0.57735	0.788675
135	0.213724	0.690768	0.690768
136	0.104727	0.648903	0.75363
137	0.105766	0.105766	0.98875
138	0.214186	0.214186	0.953021
139	0.317298	0.317298	0.893669
140	0.109792	0.299956	0.947614
141	0.217102	0.405118	0.888114
142	0.1094	0.488374	0.86575
143	0.455434	0.455434	0.764957
144	0.5	0.5	0.707107
145	0.540907	0.540907	0.644081
146	0.57735	0.57735	0.57735
147	0.465451	0.570895	0.676339
148	0.505449	0.610131	0.610131
149	0.540907	0.644081	0.540907
150	0.465451	0.676339	0.570895
151	0.5	0.707107	0.5
152	0.455434	0.764957	0.455434
153	0.816497	-0.408248	-0.408248
154	0.737865	-0.421637	-0.527046
155	0.639602	-0.426401	-0.639602
156	0.527046	-0.421637	-0.737865
157	0.408248	-0.408248	-0.816497
158	0.764957	-0.455434	-0.455434
159	0.676339	-0.465451	-0.570895
160	0.570895	-0.465451	-0.676339
161	0.455434	-0.455434	-0.764957
162	0.707107	-0.5	-0.5
163	0.610131	-0.505449	-0.610131
164	0.5	-0.5	-0.707107
165	0.644081	-0.540907	-0.540907
166	0.540907	-0.540907	-0.644081
167	0.57735	-0.57735	-0.57735
168	0.707107	0	-0.707107
169	0.648903	-0.104727	-0.75363
170	0.57735	-0.211325	-0.788675
171	0.495572	-0.31418	-0.809752
172	0.75363	-0.104727	-0.648903
173	0.690768	-0.213724	-0.690768
174	0.613916	-0.321307	-0.721019
175	0.788675	-0.211325	-0.57735
176	0.721019	-0.321307	-0.613916
177	0.809752	-0.31418	-0.495572
178	1	0	0
179	0.98229	0	-0.187366
180	0.92388	0	-0.382683
181	0.827072	0	-0.562097
182	0.98875	-0.105766	-0.105766
183	0.947614	-0.109792	-0.299956
184	0.86575	-0.1094	-0.488374
185	0.953021	-0.214186	-0.214186
186	0.888114	-0.217102	-0.405118
187	0.893669	-0.317298	-0.317298
188	0.707107	0.707107	0
189	0.784465	0.588348	-0.196116
190	0.816497	0.408248	-0.408248
191	0.784465	0.196116	-0.588348
192	0.827072	0.562097	0
193	0.892074	0.404182	-0.202091
194	0.892074	0.202091	-0.404182
195	0.92388	0.382683	0
196	0.959683	0.198757	-0.198757
197	0.98229	0.187366	0
198	0.816497	0.408248	0.408248
199	0.809752	0.495572	0.31418
200	0.788675	0.57735	0.211325
201	0.75363	0.648903	0.104727
202	0.893669	0.317298	0.317298
203	0.888114	0.405118	0.217102
204	0.86575	0.488374	0.1094
205	0.953021	0.214186	0.214186
206	0.947614	0.299956	0.109792
207	0.98875	0.105766	0.105766
208	0.495572	0.809752	0.31418
209	0.57735	0.788675	0.211325
210	0.648903	0.75363	0.104727
211	0.527046	0.737865	0.421637
212	0.613916	0.721019	0.321307
213	0.690768	0.690768	0.213724
214	0.639602	0.639602	0.426401
215	0.721019	0.613916	0.321307
216	0.737865	0.527046	0.421637
217	0.644081	0.540907	0.540907
218	0.610131	0.610131	0.505449
219	0.570895	0.676339	0.465451
220	0.707107	0.5	0.5
221	0.676339	0.570895	0.465451
222	0.764957	0.455434	0.455434
223	0.562097	0	-0.827072
224	0.382683	0	-0.92388
225	0.187366	0	-0.98229
226	0	0	-1
227	0.488374	-0.1094	-0.86575
228	0.299956	-0.109792	-0.947614
229	0.105766	-0.105766	-0.98875
230	0.405118	-0.217102	-0.888114
231	0.214186	-0.214186	-0.953021
232	0.317298	-0.317298	-0.893669
233	0	0.707107	-0.707107
234	0	0.562097	-0.827072
235	0	0.382683	-0.92388
236	0	0.187366	-0.98229
237	0.196116	0.588348	-0.784465
238	0.202091	0.404182	-0.892074
239	0.198757	0.198757	-0.959683
240	0.408248	0.408248	-0.816497
241	0.404182	0.202091	-0.892074
242	0.588348	0.196116	-0.784465
243	0.588348	0.784465	-0.196116
244	0.408248	0.816497	-0.408248
245	0.196116	0.784465	-0.588348
246	0.639602	0.639602	-0.426401
247	0.426401	0.639602	-0.639602
248	0.639602	0.426401	-0.639602
249	0	0.98229	-0.187366
250	0	0.92388	-0.382683
251	0	0.827072	-0.562097
252	0.187366	0.98229	0
253	0.198757	0.959683	-0.198757
254	0.202091	0.892074	-0.404182
255	0.382683	0.92388	0
256	0.404182	0.892074	-0.202091
257	0.562097	0.827072	0
258	0.405118	0.888114	0.217102
259	0.299956	0.947614	0.109792
260	0.488374	0.86575	0.1094
261	-0.104727	0.648903	-0.75363
262	-0.211325	0.57735	-0.788675
263	-0.31418	0.495572	-0.809752
264	-0.408248	0.408248	-0.816497
265	-0.1094	0.488374	-0.86575
266	-0.217102	0.405118	-0.888114
267	-0.317298	0.317298	-0.893669
268	-0.109792	0.299956	-0.947614
269	-0.214186	0.214186	-0.953021
270	-0.105766	0.105766	-0.98875
271	-0.421637	0.737865	-0.527046
272	-0.426401	0.639602	-0.639602
273	-0.421637	0.527046	-0.737865
274	-0.31418	0.809752	-0.495572
275	-0.321307	0.721019	-0.613916
276	-0.321307	0.613916	-0.721019
277	-0.211325	0.788675	-0.57735
278	-0.213724	0.690768	-0.690768
279	-0.104727	0.75363	-0.648903
280	-0.109792	0.947614	-0.299956
281	-0.217102	0.888114	-0.405118
282	-0.1094	0.86575	-0.488374
283	-0.465451	0.676339	-0.570895
284	-0.505449	0.610131	-0.610131
285	-0.540907	0.540907	-0.644081
286	-0.465451	0.570895	-0.676339
287	-0.5	0.5	-0.707107
288	-0.455434	0.455434	-0.764957
289	-0.737865	-0.527046	0.421637
290	-0.639602	-0.639602	0.426401
291	-0.527046	-0.737865	0.421637
292	-0.408248	-0.816497	0.408248
293	-0.676339	-0.570895	0.465451
294	-0.570895	-0.676339	0.465451
295	-0.455434	-0.764957	0.455434
296	-0.610131	-0.610131	0.505449
297	-0.5	-0.707107	0.5
298	-0.540907	-0.644081	0.540907
299	-0.707107	-0.707107	0
300	-0.648903	-0.75363	0.104727
301	-0.57735	-0.788675	0.211325
302	-0.495572	-0.809752	0.31418
303	-0.75363	-0.648903	0.104727
304	-0.690768	-0.690768	0.213724
305	-0.613916	-0.721019	0.321307
306	-0.788675	-0.57735	0.211325
307	-0.721019	-0.613916	0.321307
308	-0.809752	-0.495572	0.31418
309	-0.98229	-0.187366	0
310	-0.92388	-0.382683	0
311	-0.827072	-0.562097	0
312	-0.947614	-0.299956	0.109792
313	-0.86575	-0.488374	0.1094
314	-0.888114	-0.405118	0.217102
315	-0.707107	0	-0.707107
316	-0.784465	-0.196116	-0.588348
317	-0.816497	-0.408248	-0.408248
318	-0.784465	-0.588348	-0.196116
319	-0.827072	0	-0.562097
320	-0.892074	-0.202091	-0.404182
321	-0.892074	-0.404182	-0.202091
322	-0.92388	0	-0.382683
323	-0.959683	-0.198757	-0.198757
324	-0.98229	0	-0.187366
325	-0.809752	0.31418	-0.495572
326	-0.788675	0.211325	-0.57735
327	-0.75363	0.104727	-0.648903
328	-0.888114	0.217102	-0.405118
329	-0.86575	0.1094	-0.488374
330	-0.947614	0.109792	-0.299956
331	-0.495572	0.31418	-0.809752
332	-0.57735	0.211325	-0.788675
333	-0.648903	0.104727	-0.75363
334	-0.527046	0.421637	-0.737865
335	-0.613916	0.321307	-0.721019
336	-0.690768	0.213724	-0.690768
337	-0.639602	0.426401	-0.639602
338	-0.721019	0.321307	-0.613916
339	-0.737865	0.421637	-0.527046
340	-0.610131	0.505449	-0.610131
341	-0.570895	0.465451	-0.676339
342	-0.676339	0.465451	-0.570895
343	-0.562097	-0.827072	0
344	-0.382683	-0.92388	0
345	-0.187366	-0.98229	0
346	0	-1	0
347	-0.488374	-0.86575	0.1094
348	-0.299956	-0.947614	0.109792
349	-0.105766	-0.98875	0.105766
350	-0.405118	-0.888114	0.217102
351	-0.214186	-0.953021	0.214186
352	-0.317298	-0.893669	0.317298
353	0	-0.707107	-0.707107
354	0	-0.827072	-0.562097
355	0	-0.92388	-0.382683
356	0	-0.98229	-0.187366
357	-0.196116	-0.784465	-0.588348
358	-0.202091	-0.892074	-0.404182
359	-0.198757	-0.959683	-0.198757
360	-0.408248	-0.816497	-0.408248
361	-0.404182	-0.892074	-0.202091
362	-0.588348	-0.784465	-0.196116
363	-0.588348	-0.196116	-0.784465
364	-0.408248	-0.408248	-0.816497
365	-0.196116	-0.588348	-0.784465
366	-0.639602	-0.426401	-0.639602
367	-0.426401	-0.639602	-0.639602
368	-0.639602	-0.639602	-0.426401
369	0	-0.187366	-0.98229
370	0	-0.382683	-0.92388
371	0	-0.562097	-0.827072
372	-0.187366	0	-0.98229
373	-0.198757	-0.198757	-0.959683
374	-0.202091	-0.404182	-0.892074
375	-0.382683	0	-0.92388
376	-0.404182	-0.202091	-0.892074
377	-0.562097	0	-0.827072
378	-0.405118	0.217102	-0.888114
379	-0.299956	0.109792	-0.947614
380	-0.488374	0.1094	-0.86575
381	0.104727	-0.75363	-0.648903
382	0.211325	-0.788675	-0.57735
383	0.31418	-0.809752	-0.495572
384	0.408248	-0.816497	-0.408248
385	0.1094	-0.86575	-0.488374
386	0.217102	-0.888114	-0.405118
387	0.317298	-0.893669	-0.317298
388	0.109792	-0.947614	-0.299956
389	0.214186	-0.953021	-0.214186
390	0.105766	-0.98875	-0.105766
391	0.421637	-0.527046	-0.737865
392	0.426401	-0.639602	-0.639602
393	0.421637	-0.737865	-0.527046
394	0.31418	-0.495572	-0.809752
395	0.321307	-0.613916	-0.721019
396	0.321307	-0.721019	-0.613916
397	0.211325	-0.57735	-0.788675
398	0.213724	-0.690768	-0.690768
399	0.104727	-0.648903	-0.75363
400	0.109792	-0.299956	-0.947614
401	0.217102	-0.405118	-0.888114
402	0.1094	-0.488374	-0.86575
403	0.465451	-0.570895	-0.676339
404	0.505449	-0.610131	-0.610131
405	0.540907	-0.644081	-0.540907
406	0.465451	-0.676339	-0.570895
407	0.5	-0.707107	-0.5
408	0.455434	-0.764957	-0.455434
409	0.737865	0.421637	0.527046
410	0.639602	0.426401	0.639602
411	0.527046	0.421637	0.737865
412	0.676339	0.465451	0.570895
413	0.570895	0.465451	0.676339
414	0.610131	0.505449	0.610131
415	0.707107	0	0.707107
416	0.648903	0.104727	0.75363
417	0.57735	0.211325	0.788675
418	0.495572	0.31418	0.809752
419	0.75363	0.104727	0.648903
420	0.690768	0.213724	0.690768
421	0.613916	0.321307	0.721019
422	0.788675	0.211325	0.57735
423	0.721019	0.321307	0.613916
424	0.809752	0.31418	0.495572
425	0.98229	0	0.187366
426	0.92388	0	0.382683
427	0.827072	0	0.562097
428	0.947614	0.109792	0.299956
429	0.86575	0.1094	0.488374
430	0.888114	0.217102	0.405118
431	0.707107	-0.707107	0
432	0.784465	-0.588348	0.196116
433	0.816497	-0.408248	0.408248
434	0.784465	-0.196116	0.588348
435	0.827072	-0.562097	0
436	0.892074	-0.404182	0.202091
437	0.892074	-0.202091	0.404182
438	0.92388	-0.382683	0
439	0.959683	-0.198757	0.198757
440	0.98229	-0.187366	0
441	0.809752	-0.495572	-0.31418
442	0.788675	-0.57735	-0.211325
443	0.75363	-0.648903	-0.104727
444	0.888114	-0.405118	-0.217102
445	0.86575	-0.488374	-0.1094
446	0.947614	-0.299956	-0.109792
447	0.495572	-0.809752	-0.31418
448	0.57735	-0.788675	-0.211325
449	0.648903	-0.75363	-0.104727
450	0.527046	-0.737865	-0.421637
451	0.613916	-0.721019	-0.321307
452	0.690768	-0.690768	-0.213724
453	0.639602	-0.639602	-0.426401
454	0.721019	-0.613916	-0.321307
455	0.737865	-0.527046	-0.421637
456	0.610131	-0.610131	-0.505449
457	0.570895	-0.676339	-0.465451
458	0.676339	-0.570895	-0.465451
459	0.562097	0	0.827072
460	0.382683	0	0.92388
461	0.187366	0	0.98229
462	0.488374	0.1094	0.86575
463	0.299956	0.109792	0.947614
464	0.405118	0.217102	0.888114
465	0	-0.707107	0.707107
466	0	-0.562097	0.827072
467	0	-0.382683	0.92388
468	0	-0.187366	0.98229
469	0.196116	-0.588348	0.784465
470	0.202091	-0.404182	0.892074
471	0.198757	-0.198757	0.959683
472	0.408248	-0.408248	0.816497
473	0.404182	-0.202091	0.892074
474	0.588348	-0.196116	0.784465
475	0.588348	-0.784465	0.196116
476	0.408248	-0.816497	0.408248
477	0.196116	-0.784465	0.588348
478	0.639602	-0.639602	0.426401
479	0.426401	-0.639602	0.639602
480	0.639602	-0.426401	0.639602
481	0	-0.98229	0.187366
482	0	-0.92388	0.382683
483	0	-0.827072	0.562097
484	0.187366	-0.98229	0
485	0.198757	-0.959683	0.198757
486	0.202091	-0.892074	0.404182
487	0.382683	-0.92388	0
488	0.404182	-0.892074	0.202091
489	0.562097	-0.827072	0
490	0.405118	-0.888114	-0.217102
491	0.299956	-0.947614	-0.109792
492	0.488374	-0.86575	-0.1094
493	-0.104727	-0.648903	0.75363
494	-0.211325	-0.57735	0.788675
495	-0.31418	-0.495572	0.809752
496	-0.1094	-0.488374	0.86575
497	-0.217102	-0.405118	0.888114
498	-0.109792	-0.299956	0.947614
499	-0.421637	-0.737865	0.527046
500	-0.426401	-0.639602	0.639602
501	-0.421637	-0.527046	0.737865
502	-0.31418	-0.809752	0.495572
503	-0.321307	-0.721019	0.613916
504	-0.321307	-0.613916	0.721019
505	-0.211325	-0.788675	0.57735
506	-0.213724	-0.690768	0.690768
507	-0.104727	-0.75363	0.648903
508	-0.109792	-0.947614	0.299956
509	-0.217102	-0.888114	0.405118
510	-0.1094	-0.86575	0.488374
511	-0.465451	-0.676339	0.570895
512	-0.505449	-0.610131	0.610131
513	-0.465451	-0.570895	0.676339
